1645 3685
301 1645
301 1461
326 2048
326 779
326 1111
326 1182
326 824
1689 2991
2991 3520
1098 2991
2993 3601
890 1286
1286 3162
1286 1975
771 1286
90 2573
2775 3804
1487 2523
1119 2523
2523 3696
2517 2523
2523 3012
2523 3239
142 2523
2374 2523
2435 2523
348 3696
348 1831
348 931
348 1487
348 3012
348 3239
348 428
54 4010
475 1066
1066 1826
1066 2230
1066 3508
2825 3359
988 3849
986 988
33 2579
1426 3397
3397 4057
3397 3503
251 3397
2548 3397
2398 3397
555 2047
555 2118
248 298
2076 3801
1517 2076
2076 2309
1397 2076
2464 2747
3756 4051
1867 3619
946 1867
3428 4039
833 3428
3372 3428
2265 3428
1324 3428
2599 3428
2218 3169
3169 4132
1010 3169
803 3169
1460 3384
1460 3622
1513 3383
3383 3861
123 2578
1794 2578
2578 3536
556 2578
1499 2586
965 2586
1163 2820
1163 2943
315 3815
1683 3401
768 3401
689 1901
2096 3037
886 3037
1043 3037
1173 3123
382 3123
2476 3123
3123 3300
2812 3123
1573 3123
1195 3123
2592 3123
170 3123
829 3123
1968 3123
2007 3123
3288 4151
1231 4151
391 4151
2321 4151
4032 4151
3041 4151
3919 4151
3506 4151
1751 4151
2390 4151
390 4151
965 4151
801 4151
3440 4151
3583 4151
3573 4151
3437 4151
2355 4151
3066 4151
4090 4151
1826 4151
3508 4151
3762 4151
1650 4151
2299 4151
2756 4151
3309 4151
1572 4151
119 4151
130 4151
1290 4151
2069 4151
3076 4151
487 4151
717 4151
565 4151
3721 4151
1454 1731
3120 3840
2856 3120
1080 3120
1667 3120
755 902
755 1645
755 1466
755 2726
755 2706
755 1367
755 2156
755 1202
755 1666
755 3152
114 755
755 1444
2012 2014
1721 2012
2012 2127
2012 3438
2012 3232
1664 2012
690 2012
154 521
521 2114
521 1349
521 3343
147 521
521 3671
521 2450
926 1685
3551 3832
1337 3832
333 3832
197 3832
448 3832
578 3832
1080 3832
3832 3869
1005 2750
2319 2809
382 2164
382 460
382 2812
382 1998
105 382
382 2007
1936 2945
2107 2894
2914 3690
1 138
1325 1692
1325 3266
1548 3149
1681 2293
306 2293
2293 4047
2210 2293
54 2293
2198 2293
163 3761
608 1596
2945 3196
2765 3196
1464 2882
1689 3624
1689 3588
287 1689
1410 1689
171 4143
171 366
171 261
171 3936
171 1771
171 2704
171 564
171 2468
171 459
171 3195
171 1825
171 2170
171 2104
171 1926
3060 3677
3060 3639
1448 3060
1308 3060
786 1549
1036 1774
108 1774
98 1774
1774 3049
2480 3341
1169 1513
2135 3650
1910 2603
912 2603
292 2603
1039 3271
2198 3271
2800 3355
971 2800
2800 3219
391 2800
1707 2800
543 2800
487 2800
1933 2800
2800 3550
2390 2800
2800 3721
536 2800
2356 2800
538 2800
2800 3076
88 2800
2800 2946
2800 3508
2800 4059
229 2800
2800 3309
119 2800
1751 2800
1290 2800
2800 3324
2233 2450
2187 2450
2450 3789
147 2450
2200 2450
2450 2927
1349 2450
1534 3026
3026 3507
101 3026
865 3026
3026 3976
1051 3026
471 3026
17 3026
3026 3064
112 3026
3026 3139
3026 3481
2278 3026
879 1372
879 3282
879 3237
1076 1123
1123 2943
356 1805
1539 1668
1056 2543
508 1056
2711 3476
2157 2711
2711 3718
2711 3544
1309 2089
516 2089
1202 2079
2207 2437
1079 3176
2769 2935
2264 2935
2935 4117
580 2555
239 515
1816 2714
891 2742
2100 2282
703 2282
1023 2282
1697 2282
982 2940
116 982
3552 3650
676 3650
3126 3650
3335 3650
116 3650
3650 4065
3446 3650
2808 3650
3650 4149
1270 3650
294 2298
1191 2298
1536 2298
1421 2298
2298 3263
1027 1696
2390 3219
2390 4008
391 2390
543 2390
2390 4032
2390 3041
965 2390
2390 3506
2356 2390
2355 2390
2390 3076
88 2390
1927 2390
2390 2946
2390 3440
2299 2390
2390 2756
119 2390
1290 2390
1751 2390
487 2390
2227 2390
2390 3762
224 249
249 1146
249 1703
1464 4128
1407 1464
1464 3079
224 553
553 2733
553 3958
553 3524
553 3306
553 3897
553 1146
553 2643
553 3188
553 3136
553 1703
2177 3732
65 2177
746 2177
2786 3647
3110 3647
1812 1922
1812 2284
316 1812
1706 1812
1812 2252
477 1790
853 1790
1790 2327
1303 1790
1790 1847
2329 3356
2329 2613
396 2329
2667 3948
1261 3754
2204 2749
2204 3436
2537 3040
2379 4019
1831 2379
2379 2517
1872 2379
1119 2379
2379 2707
2379 2435
428 2379
2374 2379
2379 3644
1743 2919
1743 3001
1743 2035
1275 1743
2163 2743
2163 3269
302 2163
2163 3890
1911 3555
781 3007
527 3007
2398 3007
2623 4130
530 2623
1574 4097
3317 3531
2622 3872
153 1942
3386 4018
3471 4018
900 2987
2987 3186
1154 2987
662 2764
448 2764
2180 2764
31 2764
1170 2764
628 2764
1040 2813
1040 1734
240 2942
1522 2890
1255 1522
2141 2931
2141 2400
1349 2141
833 2183
833 1546
21 1350
1277 3531
646 3924
1399 3924
45 3924
1943 3707
2271 4154
3224 4154
3518 4154
678 4154
3937 4154
1957 4154
1674 2412
1674 3490
1674 2347
1674 2392
1463 1674
1674 1952
1216 1674
1291 1674
1142 1674
91 1094
1094 3973
1022 2433
2433 3859
693 1327
693 2113
693 2497
693 3009
693 3774
1091 2630
987 3231
2086 3231
727 1034
2642 2709
1769 2709
1125 2709
2709 2834
1115 2709
530 4130
530 3643
1975 2909
109 1975
272 3492
272 4050
272 1311
3559 3815
51 325
51 1061
51 4060
51 2165
495 3001
495 3152
3219 4032
3506 4032
1933 4032
390 4032
965 4032
2016 4032
4008 4032
3076 4032
88 4032
2946 4032
3440 4032
2230 4032
1290 4032
487 4032
2227 4032
3762 4032
1723 2495
1058 1723
117 1723
7 65
1052 3529
3529 3962
1150 1766
1766 1917
3817 4051
706 3073
706 4087
565 1213
102 2121
2121 4065
1885 2121
222 2121
1930 2121
2103 2121
2121 2373
3823 4087
3081 4087
17 3959
101 3959
2303 3959
2279 3959
3607 3959
3571 3959
2278 3959
3657 3959
199 3959
275 3959
3959 3976
3310 3959
1527 3959
3064 3959
3925 3959
3744 3959
2967 3959
1387 3959
112 3959
1534 3959
865 3959
2957 3739
2457 3889
2747 3664
2680 3333
1741 2680
180 525
180 195
1376 3702
2595 3618
62 3618
2674 3618
1053 3977
737 1053
1053 3534
1053 2495
565 1053
3612 4084
609 4084
244 2417
244 4083
583 3914
583 1733
2839 3596
1549 3596
2475 3596
1190 3596
169 3596
1436 3596
3596 3851
2563 3596
1166 3596
600 3596
901 3596
337 3596
2972 3596
225 3596
3407 3730
2208 3407
1506 2274
3584 4004
237 1386
1046 1386
402 3587
881 2389
279 881
580 2292
1467 1624
1609 2736
1405 1999
17 471
101 471
471 3523
471 3507
471 3965
471 1592
275 471
471 3976
471 3481
471 865
116 471
471 2967
866 2737
866 2780
866 3093
1072 3088
1072 2441
1072 4021
974 2614
2883 3033
561 3033
2367 3861
799 1807
799 2990
1583 3595
1453 1583
2467 3972
87 3972
494 3857
3027 3857
2490 3857
1878 3857
1443 3857
1891 4057
959 2597
959 3016
699 3563
2188 2528
580 2528
902 3886
2140 3886
1574 3229
94 1574
2845 3213
2244 3213
492 3751
380 492
492 649
492 2562
492 907
409 2493
409 484
3083 3549
2331 3549
3310 3523
2303 3310
3310 3607
3310 3571
3310 3553
3310 3744
620 3310
17 3310
116 3310
112 3310
2278 3310
2392 2394
2392 3435
2392 2656
1216 2392
2392 2483
2392 3119
787 2392
715 1214
838 2867
2142 3672
1749 2171
834 1172
913 1736
1283 3040
2072 3102
2019 2072
103 2072
444 2876
869 3513
1919 2698
2324 2698
2520 2694
1996 3418
1996 3369
150 1996
872 1996
1356 1996
1996 2117
1996 3742
1996 2375
1587 2912
880 2912
2912 3001
701 2912
2056 2912
3883 4134
3883 3945
3811 3883
47 3883
3883 3896
501 679
679 2159
868 1802
1764 3017
2094 3017
856 3017
3017 3306
2319 3017
1657 3017
404 3982
3970 3982
2811 3982
3982 4093
449 2094
449 2828
237 3916
1014 3916
1046 3916
1817 2610
1399 2610
781 2610
179 2375
2466 2765
1449 2466
441 2466
2466 3538
403 2466
393 2466
305 846
305 3451
790 2543
2195 3796
3796 4082
1694 1894
1894 3107
1658 3109
2362 3590
2362 4098
2362 2792
915 2362
2485 2520
2520 2590
2520 3358
2790 3068
2117 3068
3068 3366
2113 3707
2758 3707
3686 3707
2591 3707
1654 3707
1267 3707
1915 3707
439 3707
2636 3707
1314 3707
2863 3707
1615 3707
2878 3707
1659 3707
3707 3712
3456 3707
534 561
561 2883
561 962
561 3727
561 1901
561 2052
1480 3331
1480 2093
1928 2784
1140 2090
1140 3518
1140 3134
934 1140
1140 1957
1140 3937
1140 2200
2975 3885
1778 3885
2026 3885
2532 3885
2310 3885
271 582
3478 3542
2901 3478
558 1137
1137 3514
1137 2353
226 2190
226 1378
2585 4046
878 4046
3609 4046
2594 4046
1495 4046
1419 2474
247 588
588 4131
288 2997
2447 2997
816 2997
1244 2997
2777 2997
1537 3703
2854 3538
1701 3538
403 3951
212 403
161 403
403 3202
403 441
403 1357
403 2559
143 403
403 1439
403 1880
313 403
403 3035
344 3378
2040 2066
1748 2040
2040 3550
124 2040
2040 2137
2040 3223
2040 2178
1669 2040
2040 3049
1312 2040
118 2040
1862 2025
11 1862
1 2359
1739 2359
2529 4079
297 2529
1167 1627
448 2639
448 3550
448 3745
66 1545
66 1250
66 2904
66 506
1241 1590
1241 2111
575 2765
2765 3703
2493 2765
2154 2765
854 2765
1496 2765
2765 3160
1274 2765
2765 2768
2765 3243
2765 3702
427 2765
2733 2765
1776 2765
2765 3531
1205 2765
1540 2765
11 2765
1118 3175
1028 3019
1028 1403
1028 1761
1028 4113
1028 3792
2036 2858
2377 2858
2668 2858
1794 2858
2858 3778
592 2858
2858 3419
1027 3544
3302 3544
83 1366
829 2164
829 2812
829 1998
829 1804
829 2422
829 1968
75 1367
75 2745
75 445
75 116
75 3062
75 2138
75 1760
75 1419
333 3444
619 2617
381 3378
3372 3980
644 1600
1831 1995
931 1995
1995 2517
1872 1995
1995 4052
763 1995
1986 1995
1487 1995
1119 1995
1995 2707
1995 2435
1995 3413
1995 4082
1995 3724
1995 3012
1995 3644
1995 3516
285 3819
1253 1455
114 1455
2151 3440
612 832
1032 3091
838 2419
1310 1904
217 3190
217 1709
217 601
501 1209
1209 3740
1785 2787
1785 3968
1785 2763
1329 1785
1785 2045
1373 1785
2260 3687
1740 3687
983 3836
3669 4069
2363 3291
2363 2461
1405 2363
210 2841
3029 3329
3029 3755
2367 3820
3583 3919
223 3691
223 2740
223 1916
1356 2462
1347 1356
1310 1356
1356 2319
1356 1809
1356 3391
1356 4028
574 3487
405 574
371 574
2192 3726
625 2192
1764 2831
1835 2831
2465 3174
205 2465
2465 2986
720 3395
2999 3574
956 1070
1070 3824
2729 3560
1511 3560
1165 1821
1165 1845
875 1886
327 1149
3335 3465
1557 3465
3102 3465
851 1421
2355 3355
971 2355
152 2355
1909 2355
2355 3721
2355 4075
2355 3506
2355 2356
2016 2355
538 2355
231 2355
1307 2355
1927 2355
2355 3041
2355 3508
1826 2355
565 2355
2299 2355
2355 2756
2355 3408
2355 3309
1707 2355
2230 2355
1751 2355
2355 3066
2228 2355
2355 3762
1232 1387
1387 3523
1387 2303
1387 3965
1387 3607
1387 2885
1387 1592
865 1387
275 1387
1387 3976
1387 3191
1387 3744
1387 3925
395 1387
620 1387
116 1387
1387 3139
112 1387
1387 1534
174 1387
1387 3507
2511 3793
3345 3793
2139 2733
524 1223
47 524
524 3725
838 2986
815 838
230 1687
230 425
708 807
708 2123
708 1751
1235 2330
2330 2472
1912 2330
1558 2330
247 1384
247 1841
247 3090
247 3125
247 3152
247 412
1779 1855
1779 3203
869 1779
1779 2933
1050 1779
1779 2270
111 1779
1779 2357
1779 4053
1779 2078
1779 2373
1779 2797
1310 1779
1701 1779
1553 1779
3999 4083
1693 4083
1008 2928
1008 2642
960 1008
1008 1125
3531 3633
2649 3683
1638 3683
379 3697
259 1989
259 2573
991 2205
991 1810
547 991
2365 2458
1764 3432
1764 1835
376 1764
1127 1764
408 2600
526 2600
266 2600
989 2600
2600 3286
1954 3258
3081 3258
1082 2740
1702 3712
1057 3211
147 154
147 2187
147 1408
147 2114
147 1680
147 1349
147 861
30 147
147 1199
147 3343
535 1825
1179 1825
712 1825
26 1825
1825 3936
1184 1825
459 1825
1825 3069
1825 2130
1825 3195
261 1825
378 1825
1825 2704
1825 2104
1825 2092
1825 2028
304 1825
1825 1926
1816 4013
2470 4013
710 1134
1134 2814
842 1134
1134 1557
752 1134
1134 4024
1853 1854
1853 3207
476 798
476 4067
1409 2398
1054 2398
251 2398
1060 2398
34 55
34 2331
3368 3520
3269 3520
3520 3639
1640 3520
2338 3520
1410 3520
2743 3520
3520 3624
507 3520
1098 3520
1331 3520
565 3520
3056 3535
350 3535
3535 3597
1427 2511
303 2952
767 2952
1603 2952
2952 2969
101 1534
1534 2303
857 1534
199 1534
1534 2885
1287 1534
1534 3553
1534 3976
1534 3481
1534 3064
1534 3139
174 1534
1534 2717
1534 1592
224 2175
535 1179
1179 1716
261 1179
712 1179
1179 1771
2 1179
459 1179
1179 2130
1179 3798
1179 2170
1179 2092
1179 2028
304 1179
1716 4143
1716 2130
366 1716
26 1716
1716 2046
261 1716
1716 3936
1716 1771
1716 2170
459 1716
1716 2567
1716 3069
1716 3798
378 1716
1716 2104
1716 2092
2160 3283
825 3174
205 825
825 2448
1013 2041
2041 3748
2041 2263
2041 3203
354 2314
2415 3185
2415 2755
933 3121
933 1452
1923 4126
3309 3355
3288 3309
391 3309
3041 3309
1933 3309
182 3309
3309 3550
668 3309
965 3309
2016 3309
3066 3309
3309 3437
88 3309
1927 3309
1293 3309
3309 3440
1290 3309
3309 3508
3309 3721
688 1161
747 2443
1148 2085
48 2085
2085 2271
934 2085
2085 2090
2085 3224
2085 2168
2085 3937
1957 2085
943 2066
943 3550
943 3969
685 943
943 1012
2319 4069
856 4069
3934 4069
181 2728
219 2728
2346 2728
909 1941
312 1279
312 1758
339 3106
661 2653
661 1820
661 3204
559 3002
559 2021
58 3320
58 1829
1873 2375
2042 2375
2375 3054
1809 2375
2442 3122
2442 4055
522 1612
522 2249
2494 2911
886 3043
2321 3043
3043 3635
142 691
142 1831
142 1119
142 2435
142 2374
142 3644
357 2822
835 2971
1349 2337
783 2251
783 858
328 783
2008 2606
2008 3370
2265 4039
265 2265
2265 3140
1549 2265
2265 2975
2265 3611
2265 3372
1546 2265
1890 2808
33 2808
2311 2808
2808 3493
952 3584
3584 3991
794 2416
238 2416
892 3562
2581 2642
1691 1809
1201 2689
2689 2883
2360 2689
1297 2689
419 3582
1737 2502
45 1737
2432 4039
3690 4085
922 3690
3379 3690
2217 3690
1488 3690
1418 1496
450 1418
317 1543
1543 1756
463 1116
599 4088
1546 4088
347 2496
347 3659
347 4107
347 2988
347 3605
347 3302
2031 3795
1587 3963
1469 1587
1587 2358
2572 2686
2417 2686
2686 3132
2686 3627
2686 4053
1030 3576
1030 1371
1030 2763
1030 1243
1030 2045
1030 1369
1030 1373
234 885
885 2473
2597 3244
2227 2597
744 2597
2597 4041
2597 4043
1438 2597
1744 2597
2597 4153
2248 2414
520 2414
2130 2414
3115 3967
789 1236
350 3906
350 3597
350 3056
350 902
350 1859
350 707
1249 1512
434 3147
434 1618
434 1401
1669 1748
1312 1669
10 1576
2315 2624
146 2624
926 2624
1781 2624
2470 2624
2624 3610
1871 2624
2506 2624
1136 3564
2685 3564
2629 3564
2368 3564
3365 3564
3440 3564
1022 3855
1022 1851
1022 4117
2923 3921
1374 3921
1317 3921
2729 3654
2729 3467
493 2729
2677 3019
1971 2677
2677 3659
2011 2677
2677 3792
3038 3093
1013 3055
129 2880
129 2424
1180 2319
306 749
306 2481
306 1635
306 1519
306 362
306 2050
306 3048
306 1264
306 2924
428 2517
428 1872
428 2435
428 1119
428 2707
428 3239
1146 1509
1146 2101
1146 3441
1146 2643
2014 3260
2127 3260
606 3260
2455 3260
518 3260
1664 3260
690 3260
1748 3500
500 2429
2485 3205
1447 1974
1799 2852
1974 3932
2888 2963
1538 2888
2888 3732
1139 3636
1847 3256
817 990
219 2511
219 2391
219 1929
440 3099
284 3099
738 2291
234 2410
984 2641
1420 1457
1457 3749
1457 3442
1632 2830
361 4086
893 4086
3841 4086
1528 1643
1643 1808
1643 1797
1643 1645
1643 3337
2790 3366
103 2650
3372 3713
1491 3977
1151 1491
1594 3954
1594 3528
716 1594
1594 3142
1594 2690
808 2199
2199 2602
2199 3753
3225 3372
182 3896
1303 3896
2019 3896
1293 3896
3220 3896
3896 4134
1791 3896
47 3896
1911 3341
1911 3904
1725 3635
257 2366
160 2366
1113 2909
2738 2909
624 2909
989 1949
2730 3914
1260 2730
1938 2730
328 2730
657 883
657 940
657 2661
657 2999
657 2470
257 1562
257 2818
3175 3313
254 3175
1617 3175
1112 3175
204 470
1037 2642
2221 2527
1170 2221
2221 3892
3126 3997
579 2918
435 3176
235 3292
2094 3292
1349 3292
589 3966
589 3492
1302 3050
1875 3050
1062 3050
494 2247
571 3813
450 571
586 1055
1288 3151
119 3984
390 3984
3506 3984
2119 2956
1721 2127
518 2127
606 2127
2127 3438
1664 2127
2127 3412
782 3719
595 1315
531 3829
531 3573
2593 2857
1288 2688
2898 3867
3602 3867
1189 4017
971 3355
3355 3721
543 3355
475 3355
913 3355
3041 3355
2321 3355
3183 3355
182 3355
3355 3550
3355 3437
88 3355
3355 3508
2756 3355
2246 3355
896 3355
2463 3355
3355 3440
3137 3904
572 2890
1255 2890
5 2739
320 3210
3210 3882
39 221
39 446
3751 3805
3751 3856
390 3288
390 971
390 391
390 3041
390 475
390 487
390 1933
182 390
390 1293
390 3066
390 538
390 3437
390 1826
390 2066
390 2230
390 3594
390 3076
390 2756
390 3762
390 3998
390 3440
974 1600
1600 3577
1600 1781
1029 1102
2613 4110
78 1044
1887 4055
1078 2617
155 2617
1105 3728
2263 3728
839 1121
1931 2350
131 2094
1038 1598
976 1038
1038 3987
924 1038
1038 1630
1038 1750
774 2999
517 3264
2338 3264
1448 3264
3264 3639
1640 3264
400 3264
4041 4153
1647 4041
742 4041
1561 4041
1757 4041
1149 4041
997 1843
1843 2878
813 2895
1242 2895
2097 2895
325 2759
1787 2759
33 2759
1776 2759
2340 2759
1552 2759
2037 3987
548 1164
359 4038
3965 4038
1536 4038
3157 4038
2757 4155
2346 2757
2215 3475
2215 3928
770 1009
2220 2905
914 2905
1239 2905
1067 2905
2905 4094
2905 3282
1987 2905
1208 3786
1046 3786
1892 3786
237 3786
1916 3938
937 3515
937 2145
1762 2700
1762 2071
909 2598
899 2598
3091 3463
405 3234
405 2162
501 917
2546 2999
477 2327
1303 2327
309 2804
145 2804
1496 2340
2160 2340
2340 2884
1742 3664
916 935
1153 1974
1153 3042
1153 3485
1516 1872
1831 1872
659 1872
1487 1872
671 1872
1872 3012
1117 1872
1872 2374
691 1872
2160 2657
3492 4050
2023 3718
2133 3321
2532 3321
3321 4064
562 3321
3321 3826
324 2945
2005 2941
2941 3498
164 2941
2771 3319
2027 4089
1681 2481
979 1499
979 1452
2561 3475
2557 2950
2769 2950
2675 2950
2774 2950
1381 2950
120 2950
2734 2950
237 2222
431 2944
78 431
2884 3637
2328 3637
582 1964
771 2289
981 2251
452 2908
452 3242
452 1579
452 4006
452 686
2945 3362
1918 2478
1226 2478
1902 2478
2478 3072
1276 2478
1237 2478
1216 2347
1083 1216
1216 2483
1216 1291
2088 2254
110 3105
1393 2236
1393 2983
413 1393
1046 3316
237 3316
2062 3086
470 3086
3086 4150
406 3086
565 3086
532 629
328 532
1663 3018
2314 3018
3018 3103
1453 3018
478 2752
677 2752
2752 3526
29 2752
91 2752
2752 3187
1958 2752
74 2752
2752 3930
1043 2302
2405 3094
538 2405
703 1023
1023 2070
1023 2100
600 4146
2 3798
2112 3798
261 3798
3798 3936
2996 3798
2130 3798
1017 3798
2170 3798
2092 3798
2028 3798
1753 3327
2369 3327
2331 3327
1888 2044
625 1888
787 2501
787 1593
1164 1251
568 1164
1164 4102
3325 3659
2892 3325
2189 3005
580 822
1343 2129
1068 2129
2129 2389
2129 3888
2129 3464
2129 4116
2129 3447
785 2129
2129 3777
846 2129
1306 2129
1365 2129
2129 2300
2129 3812
1553 2129
2958 3405
878 3405
3252 3405
1654 2242
2733 3908
1108 3152
185 1074
185 3036
2088 2491
2088 2613
518 1925
518 3201
518 3412
518 606
518 2455
518 3438
518 3232
1521 2136
2951 3651
457 1982
645 1662
154 1199
1199 1408
1199 2114
1199 1680
1199 3343
30 1199
1199 2200
2353 2388
1993 2164
1993 3766
1993 2476
1967 1993
1993 3300
1573 1993
1993 2592
1195 1993
170 1993
1968 1993
368 1610
2642 3290
700 3008
2871 3451
962 2052
2052 2634
1003 2052
2052 3727
1520 2052
1623 2052
534 2052
2052 2913
2052 2179
2052 3891
2052 4139
1012 3550
1012 1293
1012 2066
1012 3805
1012 3615
970 3772
970 3750
94 3939
2599 3372
2124 4123
722 1868
697 2234
2184 2234
1189 2234
1016 3261
475 4008
965 4008
3437 4008
565 4008
2299 4008
896 4008
119 4008
1290 4008
487 4008
2227 4008
3762 4008
3440 4008
3526 3930
1499 3526
1755 1875
252 823
823 1814
2587 3153
3153 4114
1126 3801
2025 3660
11 2025
2114 2200
2200 3224
1680 2200
383 2200
30 2200
2200 3134
1349 2200
154 2200
2200 2927
1148 2200
1408 2200
2200 3603
2200 2778
2168 2200
678 2200
48 2200
2200 2233
2200 3937
874 1290
874 1595
874 3604
595 3877
2143 3734
1704 3734
3191 3925
3607 3925
865 3925
1527 3925
3226 3925
2082 3925
2967 3925
112 3925
3139 3925
2324 2793
2324 4061
1004 1328
1328 3802
1328 1985
1328 3305
1328 3799
1328 2370
705 1432
1901 3727
2026 2532
2532 4103
1077 2532
2532 2942
2176 2532
2532 4053
2439 3782
2353 2439
499 1006
1006 3230
894 4109
894 1608
894 1973
2687 3006
2103 3658
1359 2103
2094 2103
942 2103
651 2103
97 2103
806 1610
806 1461
284 806
573 2989
2360 2989
1167 3014
5 2227
2043 3074
3066 3288
3041 3066
543 3066
475 3066
658 3066
487 3066
2946 3066
3066 3550
2356 3066
2016 3066
1927 3066
1826 3066
3066 3508
565 3066
2756 3066
1290 3066
3066 3183
1751 3066
2027 2671
2027 2160
2351 3357
793 2596
2328 3664
2328 2884
2819 3286
2819 3436
1011 1745
840 1011
1678 2773
2773 3823
592 596
995 3838
1810 3371
3371 3709
1414 2380
3303 3508
17 3064
1232 3064
3064 3523
2279 3064
3064 3607
3064 3571
2885 3064
101 3064
275 3064
3064 3481
3064 3507
3064 3553
2967 3064
3064 3965
865 3064
199 3064
594 3813
96 4098
133 1441
1441 2162
193 3550
193 1595
193 4080
279 429
279 1306
108 3049
1531 2824
884 2167
884 3251
1889 2644
896 3288
896 3219
391 896
475 896
896 3721
896 965
896 2356
538 896
896 3437
896 3076
88 896
896 2946
896 3508
896 2299
896 3440
487 896
896 2756
896 1751
614 2166
2166 2733
2166 3995
2166 3962
1613 2166
776 1639
889 2273
1810 3709
2999 3393
319 1780
3319 4074
3964 4074
2004 4074
1345 3454
935 1220
1049 2654
2654 4072
2654 3517
2654 3163
837 1344
877 2310
213 766
213 3912
213 1608
1048 2781
1048 2621
1645 3569
703 3360
887 2943
1183 2943
944 2943
2943 3948
2202 2943
1649 2943
2943 3298
997 1571
1373 2534
122 1373
1329 1373
220 1373
1373 3576
1371 1373
1373 2763
1373 3968
1373 3539
2207 2471
593 3914
3628 3914
2066 3158
971 2066
1788 2066
2066 4075
2066 3969
604 2066
322 2066
231 2066
1293 2066
2066 2975
779 2066
541 2066
2066 2855
2066 3440
876 1013
355 3795
2710 3443
79 3443
1278 2191
1278 2511
976 3358
976 1750
976 1193
976 1009
976 2122
976 3948
976 1874
976 4135
190 976
996 3208
760 3085
926 4077
190 3494
2872 3473
2094 3473
3865 4082
2696 3843
1687 3632
358 597
597 1848
597 1589
688 2475
622 2475
1542 3617
3003 3617
3454 3617
1789 3784
3259 3784
2708 2998
218 737
1538 2963
2642 3114
456 3973
2361 3155
481 2361
3429 4023
903 3429
2458 3429
3081 3429
317 3429
2886 3768
314 3768
3768 4104
3093 3388
3288 3550
2606 3550
971 3550
3550 3721
391 3550
475 3550
3506 3550
2016 3550
2179 3550
2397 3550
322 3550
3437 3550
685 3550
2343 3550
2946 3550
1826 3550
1933 3550
694 3550
565 3550
2299 3550
2230 3550
3550 3969
1751 3550
3408 3550
3076 3550
2228 3550
3550 3762
1256 2485
2281 2485
242 2219
104 2182
1202 3350
268 3454
268 2136
1900 3505
36 1819
36 2385
36 1553
1410 3624
302 3624
287 3624
3603 3671
2233 3603
3025 3603
2187 3603
1680 3603
3343 3603
861 3603
576 1922
1922 3439
1547 1708
765 3235
765 4102
595 2633
1639 2633
3702 4016
915 1948
915 3642
2026 4103
1003 2883
1026 2190
1378 2190
740 3477
1963 3048
2543 3081
1143 2543
652 2626
26 1771
1771 2112
1771 3936
1184 1771
459 1771
1771 3069
1771 2130
1771 3195
378 1771
1771 2104
1771 2092
13 3622
280 3622
1078 1754
3049 3275
3298 3994
1633 3497
539 3828
1250 3828
512 2260
2260 2514
1740 2260
155 1078
2230 4075
1768 2660
128 1768
1768 3040
1768 3843
1149 3903
2691 2810
2446 3285
730 1641
1371 1641
1641 2045
353 3348
353 1828
200 4125
189 200
200 406
156 848
1732 2524
1732 3620
3097 3960
3097 3646
1945 3749
1921 3749
2482 3330
1468 1971
925 3970
2766 2788
2531 2788
19 2788
905 2788
2788 3302
1883 2444
2434 2444
1299 2444
329 3367
3322 3367
237 3367
2143 2396
2143 2249
687 2143
2143 2984
3658 3922
1172 3922
1185 3922
3628 3922
2448 3922
3468 3922
2937 3922
3479 3922
2965 3922
3206 3922
2321 3922
1530 3922
667 4058
1615 3456
891 1615
3294 3384
1296 3384
592 814
814 1229
73 3015
73 3282
18 4093
453 1125
1125 1423
1125 1899
2160 3435
2160 3107
1547 2160
438 2160
2160 3880
61 1202
97 1462
97 1367
97 392
97 3126
97 2999
97 1683
97 3335
97 1661
97 2655
1432 3606
3340 3928
264 3340
2004 3964
3140 4039
3052 3140
2821 3558
233 3558
289 411
289 2084
289 1145
289 1225
289 1167
2887 3436
3436 3862
2877 3436
889 3436
3286 3436
3436 3788
923 1635
2459 2913
2913 3392
1977 3274
1927 3288
971 1927
1927 3041
543 1927
1927 3506
1927 1933
182 1927
1927 3721
965 1927
1927 2227
1927 3437
88 1927
1927 2756
1927 2230
1290 1927
1927 3183
1751 1927
1927 3762
17 3553
3553 4035
2885 3553
2303 3553
3553 3976
3481 3553
1051 3553
865 3553
3553 3744
620 3553
174 3553
2967 3553
3553 3965
3139 3553
199 3553
345 2928
960 2928
2928 3364
201 2566
1885 2957
1930 2957
2932 2957
2173 2957
1816 2661
2470 2661
2270 3075
352 2270
2270 4053
2451 3753
2358 2451
297 702
512 4014
1905 2612
681 3880
681 3843
683 889
683 1488
1349 2128
1349 4095
30 1349
1100 1349
1349 2233
83 1349
1349 2240
1349 1809
1349 2306
939 4023
533 939
2086 2971
2086 2732
2086 3940
281 2086
2086 3662
2086 2669
11 2086
1204 2421
116 1204
106 2908
262 3774
328 514
1644 3100
1027 1289
997 2721
2721 3589
1501 3664
2955 3664
2250 3664
501 3664
3630 3664
384 3664
726 3664
3664 4153
367 3664
2982 3664
2884 3664
993 3731
3731 3955
2593 3731
1717 3731
771 3731
1002 3731
2783 3731
2062 2495
470 2062
1211 2062
1210 3080
2331 3080
968 1562
1562 3211
94 167
1322 1929
1466 3433
1701 3433
660 3433
290 2799
2799 2975
604 2799
1489 3928
2280 3797
1698 2616
1698 1777
1172 2494
1172 1701
1172 1530
927 3930
3930 3987
1499 3930
2726 3930
3704 3930
55 3930
228 1900
234 3949
1717 2727
2120 2727
911 3404
286 3594
284 3594
3108 3298
343 4053
3314 4053
3948 4053
135 4053
3923 4053
2393 2488
8 3652
8 1833
8 1385
8 1648
8 3417
2949 3917
1188 2467
1090 1731
1138 1731
1731 2211
2196 3616
1874 2196
3985 4060
698 2511
160 3272
1081 1722
1722 2224
629 2003
1611 2256
2239 3552
3446 3552
527 3552
3302 3552
438 2604
438 4122
438 1324
1818 2358
1273 3565
1103 3565
1141 3565
1788 2154
103 1788
503 1788
1788 2687
635 1788
1154 1788
1788 2038
1788 2426
1788 3102
1788 4033
1247 2691
1478 2055
3573 3829
1348 2965
1658 4122
633 1658
1499 4012
1499 3440
779 1499
1499 1597
1263 1499
1499 2894
1499 1751
1499 2016
538 1499
1588 2261
779 2261
2261 2452
1986 2261
2625 3176
629 862
629 2516
629 3568
629 2665
328 629
1920 2903
1353 3852
1353 1645
525 3699
1701 3699
1584 1733
593 1584
1429 1823
1429 3368
3349 4039
3349 4051
3349 3689
523 3349
2815 3349
1133 4102
94 777
1109 3848
1109 3028
284 1109
1109 1984
1109 2636
1109 3931
2136 3454
2136 2438
973 2136
859 2136
2136 3044
2136 3498
889 1769
384 889
372 889
889 3788
889 2080
241 2509
241 263
241 3274
124 2115
1625 2115
45 1817
81 1817
690 1664
1664 3402
1664 3201
1664 2455
1664 3232
754 840
1148 3224
2090 3224
2271 3224
2168 3224
934 3224
678 3224
1149 1550
1550 1870
580 1490
333 2077
607 3341
607 3291
607 3512
607 3794
2834 3737
1597 3737
3737 4012
3678 3737
188 3737
2315 2762
1316 3799
3305 3799
3799 3802
2063 2313
2542 3483
909 2542
386 3088
2441 3088
422 3088
840 4114
3689 4114
3448 4114
160 4114
2826 4114
2533 3658
2533 4117
246 2533
1202 2525
1202 3361
1202 3681
732 1202
1202 1391
1043 1202
1202 2569
936 1202
1202 3479
1202 4011
1202 2011
546 1202
1202 2892
1756 3091
2929 3311
573 3640
236 573
573 1834
1117 3644
1832 3644
1487 3644
763 3644
691 3644
3644 3696
2370 2720
2370 2434
1797 3291
287 1098
1967 2476
460 1967
1967 2812
1967 1998
1573 1967
1967 2592
1195 1967
170 1967
468 1967
1846 1967
3291 3795
1294 3795
3631 3795
3795 3943
237 3795
2172 3795
132 977
132 1187
1511 3654
493 1511
3330 3999
2099 3330
416 3330
2172 3330
1214 3330
800 3979
2588 3619
298 2606
600 2606
2606 3566
807 2606
1602 2606
1901 2606
858 3277
380 1757
1149 1757
163 634
634 2725
634 3417
2779 3820
362 749
362 3274
267 362
362 3950
137 568
544 3249
2033 3249
1303 4134
470 4134
3811 4134
1791 4134
509 4134
1604 4134
2718 4134
567 1938
328 1938
1405 4104
314 4104
479 2505
1196 2505
579 2505
1701 1895
1895 2186
433 1895
1124 3245
1124 2861
1603 2601
140 2646
458 2314
458 3176
458 1406
314 2207
314 2904
314 773
846 1712
1310 1712
2183 3372
1721 3402
1721 3201
606 1721
1721 3232
690 1721
1392 1582
1582 1870
1264 2889
1264 2198
2098 3390
2047 3809
2047 3450
1388 3942
1981 3434
1604 3193
1415 1576
1576 2430
1576 2665
267 1576
1576 3452
690 2455
2455 3201
606 2455
1 1466
1 1934
205 3174
818 1005
1005 2489
1005 2353
1005 3484
1236 4015
2553 3280
1367 3658
1367 3199
1367 2371
902 1367
215 1367
1367 1547
160 1367
463 1367
330 1367
1367 2082
1367 2587
826 1367
1367 2152
779 2666
2434 2720
623 2067
2644 3821
3094 4081
1087 3094
1955 3094
1792 3094
1555 2023
730 1371
730 2787
730 2763
730 2308
730 1243
914 3083
1239 3083
2321 3083
2331 3083
861 2128
861 2114
861 1680
861 2927
861 3671
873 1128
673 1128
2032 2301
3 2032
1383 1446
1383 3780
1383 3979
2078 2797
813 3563
1510 3563
3131 3791
3058 3791
313 3170
875 2364
875 3254
37 3790
2299 3219
391 2299
543 2299
2299 3506
2299 2756
2299 3721
2299 2356
2299 3437
88 2299
2299 3440
2299 3183
1751 2299
487 2299
2227 2299
565 2299
2453 2892
2453 3876
2297 2743
736 2297
302 2297
277 2297
2297 3890
237 2194
237 3031
237 2860
237 1208
237 2354
237 2017
237 2486
237 4048
237 3586
237 3070
1684 2225
811 1858
1753 3801
2369 3801
210 482
1266 2577
2832 3862
164 1323
513 4142
3302 4142
173 1150
1150 2081
1150 1765
1150 2558
1150 2477
1527 2885
2885 3965
2885 3657
199 2885
2885 3481
2303 2885
865 2885
620 2885
2717 2885
2885 3139
174 2885
2278 2885
1592 2885
1381 2557
718 2557
1775 3978
78 3978
1581 3979
1581 1673
998 2237
2237 2849
2237 3469
214 3658
32 214
1159 3989
1469 2358
1430 1469
642 1469
743 1469
1335 1469
2945 3373
819 2824
819 1337
819 3128
819 1461
1291 1952
1952 2412
1686 1709
3113 3882
3803 3882
1233 3882
582 1907
582 3809
858 3720
3504 3895
2467 2469
712 2704
1334 2704
2112 2704
2704 3936
2046 2704
2704 2996
459 2704
2704 3069
2130 2704
2704 3195
2092 2704
304 2704
1481 2492
712 1184
366 1184
26 1184
2 1184
1184 2112
1184 2468
1184 2996
1184 2567
1184 3069
378 1184
1184 2170
1184 2028
1184 1926
1956 2945
2035 2900
430 2035
104 2945
2641 3336
2348 3336
3860 3862
842 3862
300 3862
260 3862
3862 3999
1693 3862
494 3862
3082 3862
626 3430
626 2323
696 3392
2830 3392
141 3392
398 3392
242 961
3012 3696
2517 3012
1487 3012
1119 3012
2707 3012
691 3012
2374 3012
762 1671
3352 4100
2431 3995
2737 3180
1484 3180
636 3180
3180 3816
2007 3766
1173 2007
2007 2476
105 2007
2007 2592
1968 2007
170 2007
1846 2007
1976 3674
1301 3674
2408 2527
2408 3892
3047 3181
600 3665
346 4063
1740 3830
1746 3851
911 2921
1984 4029
680 1984
118 2343
2179 2343
2020 2915
187 2020
2974 3593
836 2518
721 2518
1626 3162
1255 1333
3172 3374
781 3067
781 1950
1198 3717
2303 3976
3657 3976
275 3976
1527 3976
2967 3976
3965 3976
3139 3976
620 3976
2717 3976
655 3906
320 2697
136 2697
336 2162
323 1622
739 3943
377 1346
481 2094
481 3198
481 3858
443 983
1059 3177
1654 3541
160 1196
1910 2574
2574 3204
1200 1662
1200 3823
1200 2999
2193 4078
1138 3499
886 2980
1197 3167
737 1563
769 1377
769 2821
769 3747
307 2985
307 2198
1275 2288
1275 3001
397 3022
397 3999
397 1800
397 1246
2566 2658
11 2493
2493 4043
455 1885
1135 3010
954 3893
1051 3523
1051 3965
1051 3481
1051 3191
116 1051
1051 2967
112 1051
1051 2278
1410 2922
1410 3269
1410 3588
277 1410
2848 3216
924 1031
860 1031
1031 3253
1031 1320
1031 1630
1031 2703
1031 1425
1031 1305
1437 1718
1718 2387
2230 3219
971 2230
2230 3721
391 2230
2230 3041
1933 2230
907 2230
604 2230
2230 2356
2230 2503
322 2230
2230 3508
565 2230
2230 2647
1751 2230
2230 3076
1645 4049
2958 4049
2075 2662
3312 4028
1833 4063
1913 4063
3843 4063
95 498
493 498
3003 3048
267 3048
2002 3735
3009 3785
1959 4003
1141 1770
918 1770
1770 2956
1375 1770
1815 2951
2487 2951
983 2424
1461 2447
1461 3341
1461 3062
1096 1836
1096 3629
1374 2496
1014 2512
399 1288
399 3337
25 399
1450 1629
1009 1193
3203 3831
3203 3748
1682 2866
1682 3091
109 1864
2216 4009
88 543
543 1826
543 3508
543 3721
391 543
475 543
543 971
182 543
119 543
543 3219
543 1290
487 543
543 2227
543 565
2530 3689
974 3689
3307 3689
2864 3689
1786 3689
166 3689
3689 3824
3689 3850
3613 3689
788 3689
3462 3689
3486 3689
2899 3689
2396 3460
220 2787
220 3539
220 2763
220 2308
120 544
120 2417
120 1472
120 2540
120 2734
120 242
120 3124
2448 3605
3019 3605
3479 3605
3259 3605
424 3605
383 1957
1957 3518
1957 2168
934 1957
2354 3070
1939 4148
1661 4148
1851 3855
2672 3855
3855 4117
243 1761
2573 4121
209 2573
759 2573
394 2573
1169 2573
868 2573
2573 3537
3215 4102
191 1960
191 1065
191 3295
980 1229
592 1229
2775 3567
93 2775
1428 2775
0 2775
782 1879
33 1879
1879 3920
1879 2148
2839 2965
697 2965
282 2965
2563 2965
2448 2965
2679 2965
1141 2965
225 2965
820 4044
820 3266
2314 3497
2770 3497
3372 3497
1406 3497
2513 3497
1606 1683
1683 2837
1683 3346
1826 3219
475 1826
487 1826
182 1826
1826 3721
1826 2356
538 1826
88 1826
1826 3041
1826 2946
119 1826
1826 3762
1751 1826
1826 2016
1826 3440
2030 3216
3216 3386
1865 3216
1549 3216
1084 3216
3216 3889
1618 3947
144 1618
1618 3810
1618 3293
2621 3540
3286 3554
1699 3286
2378 3286
2887 3286
840 3708
840 2332
2830 3702
2830 3162
2312 2830
2467 2830
2526 2830
950 2269
950 1396
950 3999
2932 3717
57 2932
758 3302
857 3302
1645 3302
2853 3302
1363 3302
3084 3302
2575 3302
2938 3302
798 2959
813 2682
1232 3507
3507 3523
3191 3507
2303 3507
2279 3507
3507 3571
3507 4035
1592 3507
1527 3507
3507 3744
620 3507
3226 3507
116 3507
2967 3507
112 3507
3139 3507
2717 3507
3702 3944
360 371
2902 3119
1701 3971
795 1701
1523 1701
1701 2883
1466 1701
1701 2580
2049 2770
2126 2770
3176 3646
2934 3643
1302 3853
1069 2036
2036 2620
491 1630
27 491
2616 3515
1861 3515
2846 3515
974 3133
1340 3133
3780 3979
1539 1795
2670 3909
1054 3909
3575 3859
2009 2521
601 2521
1421 3071
1086 4034
863 4034
78 4034
2307 3279
712 2046
712 3936
459 712
712 3069
712 1017
378 712
712 2028
475 3506
2756 3506
182 3506
3506 3721
88 3506
2946 3506
3506 3508
3440 3506
2016 3506
2227 3506
3506 3762
1751 3506
3659 3792
1595 3792
2796 2876
2796 2825
2113 2796
2796 3648
2153 2796
2674 2796
1577 2300
1874 3616
484 3178
3001 3200
3200 3975
3200 3282
2881 3200
3200 3339
920 3677
920 1047
920 4147
920 1448
920 2338
672 1071
695 1167
1293 3020
1740 1765
2113 3009
3009 3557
1614 3009
43 1827
43 3278
2207 3623
1255 1448
1047 1255
1255 1512
1002 3061
590 1536
3201 3412
3412 3438
606 3412
2253 4070
2774 3221
2836 3221
414 3221
2834 3678
416 2826
416 3146
1659 3456
2636 3456
74 91
74 921
74 2296
74 3973
1236 2583
1236 2644
320 3952
224 2101
2101 3958
1946 2101
535 1334
1334 4143
366 1334
26 1334
1334 2112
261 1334
1334 2468
1334 2170
2 1334
1334 2567
1334 3195
1334 2104
1334 2092
1334 1926
953 3948
1147 3846
1147 3834
1147 3335
1102 3638
1234 2427
983 1234
926 1997
792 926
926 1547
926 1947
1857 2883
1097 3825
363 1097
194 2096
1350 3318
867 3318
909 3318
2059 3318
2910 3318
1459 3318
762 2710
224 1946
1298 1946
88 3288
2946 3288
538 3288
971 3288
1751 3288
3219 3288
3288 3762
1290 3288
2356 3288
3076 3288
57 3717
2535 3049
3523 3607
2303 3607
2279 3607
199 3607
3571 3607
3607 3657
865 3607
3607 3744
395 3607
620 3607
2717 3607
112 3607
174 3607
2238 3179
1677 3928
1677 2349
737 3534
2495 3534
854 2320
854 1850
340 854
854 3697
854 3079
854 4060
1953 2801
109 1953
48 934
934 2090
934 3937
678 934
2055 3645
3645 3983
3645 3807
1411 2642
690 3402
807 3927
1751 3927
253 3927
1608 3927
1973 3927
1901 3927
1076 2852
255 2616
2616 3918
893 1639
71 1639
76 411
76 2973
76 2644
211 3586
1141 1321
1346 3338
807 3338
1055 3338
580 3769
154 3343
2187 3343
1408 3343
2128 3343
2114 3343
2927 3343
796 3304
1560 2290
3070 4048
3112 4048
2812 3300
460 2812
1573 2812
1195 2812
2422 2812
170 2812
1092 3706
1673 3706
1104 4007
1104 2495
117 1104
3243 4043
304 2046
304 2104
304 2092
2672 4117
1851 4117
2395 3765
760 1720
2198 2404
931 1487
1487 2707
1487 2435
1117 1487
1487 1832
1487 2374
1078 3394
1078 3642
808 3753
273 3753
802 3753
1245 3753
2358 3753
2074 3753
2622 2942
797 2109
2109 3643
1474 2109
2356 3875
3440 3561
2262 3282
1885 3282
1467 3282
676 3282
3001 3282
523 3282
3282 3666
2286 3282
2892 3474
2892 3602
2805 2892
2058 2892
2892 3659
2892 3457
32 2892
134 2892
624 1113
3375 3898
2212 3898
3512 3898
2926 3898
637 3898
1852 3898
3141 3898
2824 2962
2239 2824
1599 2824
1035 2824
2824 3341
2824 3291
2824 2854
1733 2824
192 2824
1399 3067
581 1976
3508 3789
1680 3789
2927 3789
779 3789
3789 4102
550 1654
1406 2314
1406 3176
1406 3774
351 1406
1406 2674
519 2897
831 3531
1837 3375
2926 3375
1539 3375
1219 3375
2322 3375
175 803
175 3126
175 445
175 3335
175 1221
221 3527
1004 1316
2368 3440
2198 3452
208 2125
622 3348
1105 3245
906 3948
202 3948
1772 3948
669 3948
1807 3948
340 3948
3797 3948
3738 3948
880 3226
1232 3226
3191 3226
2303 3226
3226 3965
101 3226
1287 3226
116 3226
112 3226
3139 3226
2717 3226
3226 3481
114 998
1000 3044
1475 2179
1549 2179
2179 3220
2179 2713
893 2179
2179 3929
2179 2563
1166 2179
1190 2179
2179 2639
1215 2179
2179 2679
1141 2179
2179 2972
2179 3684
2425 2691
1492 3842
1492 3736
1492 1532
1502 3891
1330 3341
88 3219
88 3041
88 538
88 3437
88 2946
88 3440
88 1290
173 3284
974 3306
33 974
974 1473
974 2287
974 3824
974 2154
2719 3658
1190 2719
1093 2719
2719 3144
2258 2719
902 2719
2321 2719
736 2743
736 3269
736 2922
302 736
287 736
145 2571
2795 3996
70 2795
2795 2801
1224 3581
3581 4055
186 1988
646 1750
775 2774
1227 3049
1510 2884
1405 2507
1645 2507
94 2507
3765 3864
751 3864
1971 3864
2403 3864
1434 2011
2011 2609
1651 2011
2011 3845
270 2011
2011 2838
721 1834
17 275
17 3191
17 3571
17 1592
17 1527
17 2278
17 2967
17 620
17 2279
17 112
1595 3054
2894 3054
1475 3054
3054 3081
1388 3420
579 1504
2481 2924
2924 3522
1324 2924
852 4085
1652 2615
992 1971
1185 1971
1971 3765
1971 2937
1971 3479
1092 3866
1673 3866
2545 3126
867 3209
3533 3871
139 2615
2498 4007
154 2114
1680 2114
1593 1930
1593 1750
1593 2929
725 2394
1882 2946
475 3721
293 475
475 1933
182 475
475 604
475 965
475 2356
475 2016
475 3437
119 475
475 565
475 3408
475 2642
475 3183
475 3440
475 487
475 3762
1435 3955
109 1660
1660 4111
70 1660
576 1827
1940 2318
1821 2692
1612 2692
359 1978
359 3062
406 3851
1475 3851
737 3851
1211 3851
470 3851
3389 3851
1809 3851
2786 3851
2154 3851
467 3851
2563 3851
89 3851
1231 3851
2977 3851
47 3851
565 3851
1621 4108
1575 2642
406 2639
1612 2060
2060 2350
33 3042
3619 4064
2133 3619
3619 3826
684 3053
684 3182
684 1107
2690 3142
2690 3372
2257 2276
853 3957
853 2746
853 1847
53 853
371 3487
371 3125
3425 3431
1541 3512
1181 3486
109 1863
587 1863
1607 1863
1243 2763
2763 3576
2763 3539
1371 2763
868 2763
2931 3382
2400 3382
2233 2927
1408 2927
2128 2927
2927 3025
30 2927
2927 3671
899 3614
1033 2926
1033 1445
154 3025
2187 3025
1680 3025
30 3025
957 1893
527 2239
2791 3732
2791 2794
1884 2314
2314 3204
735 2314
1453 2314
2314 3661
2314 3595
1860 2314
2314 2653
1158 2314
2152 2371
2152 3199
472 3423
1747 3423
2435 4019
2435 3696
1831 2435
931 2435
763 2435
2435 3239
1832 2435
2374 2435
317 4020
2515 3112
740 3380
487 3041
182 3041
3041 3721
965 3041
2356 3041
3041 3076
2946 3041
3041 3440
565 3041
119 3041
1290 3041
3041 3183
1751 3041
1357 1991
1360 3682
637 2702
3446 4065
1642 1944
2373 3967
676 2373
2373 2554
1885 2373
2373 3712
177 433
1297 1358
380 1113
380 3233
380 1395
288 1015
2622 2644
2622 4126
1009 2445
467 1009
1114 3992
2125 3431
308 2496
2496 3845
1547 2496
1380 2496
2496 2838
688 2110
1131 2110
1547 2110
592 1024
1684 2619
1684 2318
718 2945
718 2734
421 718
718 3034
1002 2850
2229 4030
3871 4030
577 1190
577 1741
370 577
617 3807
1578 2323
791 2317
263 3274
1390 3548
1536 3986
3157 3986
1215 3453
1598 1750
190 1598
1598 2353
1346 3241
337 2724
337 433
337 3335
337 3871
92 337
321 2754
2754 3030
664 1284
1027 3289
322 1307
322 971
322 3076
322 3247
322 3408
322 1707
2172 3273
2210 2255
2210 2481
3011 4091
2870 3011
1291 3490
560 3490
665 1335
2725 3417
640 3579
1175 1412
1412 2744
50 1412
2118 3809
2504 3531
1293 3969
807 3969
3879 3969
872 3369
406 1190
697 1190
893 1190
1190 2563
1190 2258
1190 1215
1190 2679
225 1190
37 1642
880 1566
1566 4099
1566 2806
1083 2347
1475 2713
229 2713
2167 2713
2713 3999
697 2713
2095 2713
1250 2713
828 1586
1586 3122
1586 2731
1586 4055
973 1586
1527 3523
1527 3191
1527 2967
112 1527
174 1527
1527 1592
1527 3481
427 2807
1210 2331
791 930
473 1462
1284 4065
844 2541
1433 2541
516 2541
2541 3339
2508 2541
2093 3451
2539 3351
973 3658
973 1715
973 3122
973 4055
320 2447
103 2447
501 2447
2447 3291
1101 2511
1232 3571
2303 3571
2278 3571
3571 3744
116 3571
2967 3571
3139 3571
199 3571
1592 3571
1503 4026
731 1810
1909 3988
2544 2722
647 1759
2417 2981
2693 2981
2735 2981
3 153
552 3971
125 552
3051 3479
1670 3279
1396 3279
3639 4147
1047 4147
3368 4147
1308 4147
507 4147
1331 4147
144 3147
3089 3147
1733 4082
1554 4082
779 4082
1392 3929
2440 3929
1046 1892
1892 3070
365 1892
1099 1288
606 1925
606 2014
606 3402
606 3201
606 3232
388 3598
388 2628
873 2732
873 2891
621 2821
621 2106
145 2070
2070 3360
1697 2070
159 4079
2522 3233
3800 4090
3663 4090
2423 4090
4068 4090
751 992
960 1748
960 2642
960 2169
1784 2628
1364 1784
1368 3675
711 1368
1368 1805
116 1368
958 1849
1067 1849
1849 2272
601 3694
3036 3694
900 3913
900 1525
542 2217
198 2217
2217 3329
2356 3408
3076 3408
604 3408
232 862
827 1156
827 4119
419 827
2778 3134
2168 3134
3269 3890
3291 3941
1815 3127
1295 3127
242 3127
2352 4042
281 2538
281 1149
971 1290
182 1290
1290 1933
1290 3437
1290 2946
1290 3440
565 1290
119 1290
1290 1751
487 1290
1290 2016
592 1794
2113 3347
3347 3585
3347 3442
3173 3347
46 2560
46 3528
494 3262
2118 3812
145 3812
2676 3150
2560 3954
2560 2611
748 2818
748 3257
748 4060
1773 3655
1463 2656
2412 2656
2483 2656
2656 3063
560 2656
151 335
335 2973
3514 3935
2737 3935
2564 3935
3695 3935
234 2536
2467 2536
1482 1852
857 2158
1466 2158
2876 2879
2153 2879
64 2150
3772 3987
2607 3772
1300 3772
1408 2128
30 1408
1408 3671
1796 2256
1608 2652
255 1620
1508 3184
1362 1508
1130 3281
3152 3281
2422 3766
1173 2422
460 2422
1804 2422
105 2422
2422 2592
170 2422
1846 2422
1041 4108
345 4108
3901 4108
430 4108
2925 4108
1714 2945
907 2310
907 3047
907 2642
549 3510
102 3510
1595 2228
2142 2847
206 2836
1935 2836
2679 2839
1166 2679
600 2679
282 2679
697 2679
225 2679
893 2679
154 2187
2187 3671
366 535
366 4143
366 2130
26 366
2 366
366 2046
366 564
366 3069
366 2104
366 1926
2336 3658
2245 3712
710 3496
710 3525
48 1148
1148 3518
1148 2168
413 616
413 1145
2566 3237
2566 3421
911 2566
2456 2566
908 2345
1556 2649
375 3419
977 1187
276 1375
414 1665
1177 2550
1177 2463
459 4143
459 2046
261 459
459 564
459 2468
2 459
459 1017
459 2170
459 2028
459 1926
1752 2781
1402 2042
1979 3807
238 2197
28 238
251 3503
474 3337
1214 3268
892 3268
3722 3825
551 2057
551 2259
642 3715
1335 3715
2749 4062
997 4062
501 2206
501 2568
2202 2947
2214 2947
1811 1852
1852 3512
2428 2782
864 2767
864 2203
3640 3915
166 3146
11 3146
258 568
1139 1265
1836 2550
1836 3629
37 1836
349 1750
1750 4152
1750 2691
972 1750
441 1750
846 1750
477 1847
1144 1847
1847 3957
1847 2746
1966 2378
614 1613
296 1613
1280 4012
1280 3121
103 3329
2018 3329
3035 3329
740 1809
890 3162
2243 3162
1477 1547
373 888
888 1553
3129 3261
1232 3297
3297 3743
717 2684
234 1339
1339 3059
1339 2612
902 3658
902 1359
902 2321
902 3765
902 2495
653 902
707 902
902 2061
902 1493
1601 2745
728 1601
2785 3912
3523 4035
2717 3523
395 3523
1287 3523
116 3523
2279 3523
865 3523
3139 3523
174 3523
3481 3523
493 1122
1122 1806
603 1992
653 3658
653 1466
653 1444
1260 2618
3491 3509
384 3509
1149 1262
1149 2353
1149 1809
1149 2073
351 2674
2591 3024
145 3024
400 1047
287 1047
2164 3766
1998 2164
1804 2164
105 2164
2164 2592
170 2164
468 2164
2236 2632
815 3174
815 2448
815 2986
145 323
145 638
145 2118
145 2111
145 1675
145 2659
808 2402
2402 2602
856 2339
1547 3189
2169 3993
1735 3993
971 2756
2756 3219
1231 2756
391 2756
1933 2756
2356 2756
467 2756
2756 2946
1475 2756
565 2756
2756 3183
2756 3076
487 2756
2227 2756
2756 3508
2016 2756
702 2715
971 3440
3219 3440
2789 3440
3440 3910
3440 3762
2894 3440
3440 3839
965 3440
2356 3440
3437 3440
3440 3881
1055 3440
2283 3440
1597 3440
3076 3440
487 3440
2227 3440
497 3096
2744 3357
1919 2615
1644 2615
269 2615
2678 3846
3124 3846
1769 2893
704 2736
2736 2792
1948 2736
1809 2736
252 3681
210 618
210 4066
210 1801
210 977
210 1567
210 3145
3307 3578
1815 3720
1423 1815
242 1815
839 1815
497 1815
3342 4076
928 2401
1645 2401
965 2401
994 4051
3905 4047
995 1332
995 2249
2029 3164
1436 3543
1436 2839
697 1436
470 1436
169 1436
1141 1436
893 1436
2 535
2 4143
2 2130
2 3936
2 2468
2 2046
2 564
2 2567
2 1017
2 3195
2 2170
2 2028
2 1926
3717 3779
485 3779
2700 3779
3613 3824
1861 3824
1312 1748
1312 2137
3422 3902
671 1351
1351 1516
1329 1351
791 2316
26 3195
2046 3195
3195 3936
564 3195
2567 3195
3069 3195
378 3195
2104 3195
2092 3195
750 3152
750 1595
2822 3403
2018 3155
100 3142
102 549
549 2094
318 1300
318 1560
318 1751
316 670
670 2284
1646 1906
1646 2834
764 1695
1449 1695
1049 3517
2042 2646
1414 2320
1616 3240
1616 1647
1616 4054
367 1616
266 997
997 2798
997 1645
554 997
997 3609
997 3626
2681 2876
2153 2876
426 2876
948 2876
1656 2876
494 2876
2530 3335
3126 3335
3335 4036
2864 3335
116 3335
1564 3335
33 3493
162 1288
162 3653
604 2356
231 604
254 1755
254 2209
1113 1194
1113 4012
537 1113
1113 3047
1113 1395
1569 2587
1020 1021
1020 1782
1020 2953
2805 2898
2094 2872
2094 3217
942 2094
1738 2094
69 2094
3158 3255
1293 3158
396 2613
797 4066
125 797
1833 3652
266 3652
723 3999
33 3267
1548 3363
1803 3363
3259 3545
3199 3545
63 963
914 1239
1239 2964
585 1239
1239 2331
2512 3112
157 3138
1162 2772
376 1162
1741 4150
1398 4150
631 965
591 2822
914 2333
2333 2964
182 971
182 391
182 3437
182 1293
182 565
119 182
182 1751
182 3183
182 487
182 2227
3956 3989
2782 3774
6 3410
3410 3516
2501 2691
2436 4014
1145 2384
2691 3015
1034 3165
1034 1654
2873 3889
2223 3406
983 2427
420 2427
316 1559
3654 4105
538 1397
1397 2321
1397 1517
391 3721
391 965
391 538
391 2946
391 3508
391 565
391 2016
391 2227
891 3679
160 3116
160 3259
160 1547
160 1496
160 463
160 826
160 1636
160 3676
2510 4144
1391 4011
2569 4011
374 4079
374 1507
374 4001
374 1679
692 3434
284 3730
2712 3808
1195 3766
1195 2476
460 1195
1195 1998
1195 1573
1195 2592
468 1195
1877 4091
511 4091
579 4091
2636 4091
1269 4091
334 4091
1257 2842
2835 2842
2185 2842
2320 3082
989 2320
729 2320
1471 2320
445 2745
1310 3946
1310 2933
1533 2894
682 3996
3118 3416
989 3547
989 1605
989 1222
1983 3895
1983 3013
3128 3847
865 1232
865 2303
865 3965
865 3191
865 1592
101 865
865 2278
865 2967
395 865
865 1287
865 2279
865 3139
112 865
3928 3974
2925 3242
1916 2925
671 1329
1329 3455
978 1329
1329 2787
1329 2045
1319 3788
1623 2741
3386 3471
3386 3870
1207 3386
946 3386
1700 3386
2300 3386
1727 2232
2232 2970
1832 3696
1831 1832
931 1832
1832 2517
1291 1832
1832 2374
78 1054
78 3673
78 83
78 615
78 407
78 1751
983 2938
3093 3770
150 3369
1316 3305
3305 3802
192 3874
1215 3389
523 3654
697 2839
697 2563
697 1166
282 697
1769 2834
1769 3763
1769 2637
323 3733
2839 3543
2563 2839
1166 2839
600 2839
282 2839
169 2839
225 2839
908 1326
2903 3093
33 1156
33 627
33 3920
33 1265
33 2655
33 601
33 3621
33 1092
33 319
33 871
2701 3179
3609 3668
1405 2461
1145 2461
564 4143
564 2046
261 564
564 2468
564 3936
564 2567
378 564
564 2170
20 1282
1127 3301
688 3348
964 3348
2635 3348
116 3348
510 1976
510 3979
1092 1110
1110 1673
454 3765
1243 1371
1371 2787
1369 1371
154 2233
2128 2233
1680 2233
1326 2189
1189 2231
546 1237
1257 3192
1612 2396
2249 2396
1233 2488
2829 3521
2829 3326
919 2042
628 2626
1063 3926
1883 4056
1299 4056
119 2971
1901 2971
709 2971
2016 2971
2399 2971
447 4092
441 3480
313 3480
460 760
760 2883
760 1580
760 2285
1767 2758
886 3765
650 3765
2448 3765
2550 3765
2321 3765
3697 3765
1303 1791
563 1735
505 3716
773 3032
1930 3261
3261 3649
1827 3261
3261 3787
172 3261
1089 3298
1088 1388
1488 2802
1539 3845
107 830
3062 3827
331 3062
3062 3965
3062 4093
1320 2636
924 1320
2898 3602
2313 2700
2071 2700
2054 2150
283 1612
1415 3344
688 880
688 1451
433 688
688 3152
321 1313
2061 3658
385 1176
3377 3676
1385 1833
1648 1833
579 1961
1972 2000
1798 3700
566 2940
26 3936
2046 3936
261 3936
2468 3936
378 3936
2092 3936
1926 3936
1686 3254
1686 4138
724 1686
275 620
620 1232
620 2303
620 3191
620 2717
395 620
620 1287
620 2279
199 620
174 620
620 1592
1962 3052
3052 3372
2083 3052
1120 1898
1898 2894
1898 2608
1898 2331
187 2915
2915 3926
261 378
378 2468
378 2567
378 3069
378 1017
378 1926
983 3168
1748 2019
103 2019
1154 2019
81 4106
115 2268
2268 3673
1631 2350
442 3971
1394 2891
411 2644
411 3304
411 1602
411 1969
411 2973
857 3519
857 3084
2627 4133
1285 2627
245 4145
245 2429
600 1896
1809 2316
1106 3599
3458 3580
2758 3458
2276 3143
1827 3278
275 2303
275 4035
275 3657
101 275
275 1592
275 2278
112 275
174 275
1937 3845
1688 2420
1061 2420
965 2226
592 1500
450 3813
1459 2059
487 668
932 999
932 2155
932 2181
841 2691
2641 3166
2010 2315
1883 2906
2906 3087
1299 2906
3417 3608
16 2526
16 2459
84 3759
1185 3628
1185 3206
1222 2978
1866 3171
311 3171
2090 3518
2090 2778
2090 2945
2249 2843
869 2249
2249 3695
2249 2984
1789 2279
1789 3259
1132 1662
2605 4119
41 1526
1524 1526
579 3502
516 579
579 1839
2647 3508
483 2826
483 3999
483 3676
11 483
2511 3328
2511 2638
2511 2564
2144 2511
1295 2511
999 2155
2319 3081
2207 3081
3081 3682
598 3578
1786 3578
788 3578
2271 2778
2778 3518
2168 2778
77 1305
924 1305
918 1160
1141 1160
1142 2483
2412 2483
1083 2483
560 2483
675 3960
965 3222
966 3040
966 4003
980 3039
529 830
1342 3152
981 4078
2737 2984
1612 2984
60 3735
1085 1699
565 3546
425 1064
1064 2735
795 4022
1007 2994
1602 2467
338 2467
1645 2706
1405 2706
266 2722
2207 3682
1749 3406
1240 1749
554 1824
1585 1638
1585 2993
2034 3266
2458 3406
3122 4055
1224 4055
1798 2772
198 714
466 3951
441 3951
3035 3951
878 3252
2973 3396
56 2438
2418 3470
3470 3697
886 3470
3470 3521
1661 3470
2276 3470
3326 3470
1059 2945
1130 1467
2854 2962
2591 3712
38 3915
2191 3101
2883 3891
2785 3891
3891 4106
45 3891
1382 2009
1547 1694
1170 1570
3019 3870
971 3076
3076 3721
1448 3076
152 3076
293 3076
1933 3076
965 3076
2356 3076
2683 3076
47 3076
1307 3076
119 3076
1751 3076
2423 3076
3211 4095
2818 3211
1657 2319
904 2319
2154 2319
102 2319
856 2319
1565 2319
2319 2644
1602 2319
86 2319
1697 3360
1434 3845
1265 1828
2865 3928
955 3667
2023 3476
1903 2023
1027 2023
756 2274
756 1192
2967 3084
1821 2843
1612 1821
242 1295
103 3102
103 3818
103 1748
103 4102
103 1046
1231 3884
3409 3863
678 2271
383 678
678 2168
1115 2147
2445 2641
440 1578
2743 2922
277 2922
287 2922
1228 1324
663 1324
1324 1546
1186 1324
1324 3416
1324 1637
1220 1324
2271 3518
48 3518
3518 3937
83 3999
3641 3999
3870 3999
911 3999
2497 3999
3434 3999
2295 3999
3082 3999
1763 3961
952 2817
2767 2817
538 2862
1471 3547
1151 1932
2517 4019
3239 4019
691 4019
277 2743
277 3269
277 287
613 3844
1546 3844
1690 3248
1690 3238
189 945
3657 3965
1287 3657
101 3657
395 3657
2717 3657
199 3657
2278 3657
1747 2758
1448 3639
507 3639
1331 3639
2813 2896
253 766
253 1973
253 1608
1385 1648
2411 3287
2411 3326
496 1781
173 2081
1793 2081
1822 2081
1157 3676
342 2212
821 2016
451 2940
2940 3965
2940 3246
2940 3492
2940 3104
2169 2201
2787 3539
2045 2787
749 3531
1390 3531
1019 3531
1186 1220
654 3152
2883 4058
3701 4058
1093 3658
1724 3512
487 971
971 2356
971 1933
971 2227
971 3437
971 2946
971 1293
807 971
971 3881
119 971
971 3183
971 3508
1503 3328
2082 3692
1645 3692
3692 4027
2517 3696
1831 2517
931 2517
763 2517
1117 2517
2517 3239
1169 1990
196 1848
595 2790
2994 3381
3381 3810
639 3381
1265 2407
1300 1560
1300 2565
616 3835
499 2945
608 2214
101 3744
2279 3744
1592 3744
395 3744
174 3744
2967 3744
199 3744
1389 2356
239 3406
2344 3406
1141 3406
947 2767
37 1858
47 1448
47 2733
47 2563
47 86
812 2095
229 2095
3219 3437
2356 3437
538 3437
3437 3508
119 3437
3183 3437
1751 3437
1705 3889
2073 2353
224 1298
1298 3958
267 274
1395 1813
1450 3116
323 2933
2933 3464
1174 2933
417 2671
430 1839
2018 2642
2642 2834
80 2642
519 2642
2642 3989
2945 3606
1638 3418
1693 2681
948 2681
470 1741
1810 2042
1422 1654
1422 2636
1338 3248
630 3248
2999 3248
3248 3599
3121 3248
893 3248
1662 3754
609 4036
2055 3098
565 3721
565 1448
565 1211
565 1035
565 2016
565 4136
287 565
565 1751
565 1512
565 3762
1925 3402
1925 3438
2834 4002
1265 2834
2834 3424
1680 2128
30 2128
2128 3671
883 1254
1254 1816
1254 2470
1046 2887
1055 1901
1901 3013
1751 1901
1901 3839
534 1901
1901 2883
3255 3296
3989 4112
3688 4112
216 2498
117 216
850 3278
437 2403
1256 2663
1166 3543
1166 2563
893 1166
600 1166
2057 3337
3337 4057
2960 3337
3337 3710
9 911
911 1326
23 1013
2000 2013
2267 3082
3082 3207
2945 3082
2846 3082
847 1906
497 3591
1488 3788
1456 3788
3788 4127
3783 3788
641 4157
745 1086
115 569
116 569
1982 3013
2875 3595
2519 3754
40 4141
1654 2712
1025 2944
842 1557
842 2814
494 842
737 3159
2743 3588
946 2275
946 3154
1529 3807
696 1602
1602 2973
1602 2356
1602 2644
985 1602
2530 3842
2530 3758
2530 3124
1517 3399
2556 3399
447 1829
447 2083
1486 1899
1486 2382
109 897
70 897
1483 3132
1483 2691
2146 3973
921 3973
605 3973
809 3714
1273 3714
2356 3236
30 154
2593 2850
2593 3570
1336 1809
389 1336
1475 2014
2014 3438
2014 3402
2014 3232
895 3740
886 3681
540 886
189 886
846 3911
666 3911
113 1448
952 2767
812 2767
3354 3946
1167 3815
287 3368
287 302
287 2091
1811 3385
2718 3220
1303 2718
3409 3532
1871 3486
432 3486
3486 3556
1168 3774
1168 3422
845 3154
20 2783
85 465
964 1661
1661 2418
843 2057
846 2816
22 610
86 610
701 4133
2174 4025
130 1231
161 441
2570 2641
637 3512
848 3979
1446 3979
747 3077
125 3342
772 4095
772 4040
772 2673
1232 2279
101 2279
2082 2279
2279 2967
2279 3139
112 2279
174 2279
1019 3285
3285 4025
2563 3220
3220 3811
1081 2224
1730 2018
1730 3466
1730 3981
1396 3620
1232 1592
1592 2303
1592 3965
395 1592
1287 1592
1592 3139
112 1592
1214 3106
3183 3721
941 3183
2356 3183
3183 3508
1897 3183
893 3183
119 3183
189 3183
3183 3762
2112 2170
261 2170
2170 2996
2170 3069
1017 2170
2550 2569
676 1885
676 2311
2508 3339
313 441
441 2640
1090 1355
317 1713
570 4137
2018 3981
1800 3022
1800 3434
2976 3655
3030 3655
1553 1759
1553 1819
3628 3658
3206 3658
707 3658
757 3658
3144 3658
2448 3658
1778 3658
2321 3658
1232 3191
1232 2967
174 1232
1232 2717
398 771
398 696
469 983
3276 3385
1809 3276
3131 4033
2213 3131
282 3543
282 2563
225 282
1378 2267
580 4021
580 3415
580 738
1992 3046
267 3046
893 2999
893 1141
893 2563
490 3915
369 490
30 3671
14 1405
1405 3556
1405 1645
1405 3124
1405 3341
1171 1405
105 1173
105 3300
105 460
105 1998
105 1573
105 170
105 468
105 1846
3250 3263
1846 3766
1804 1846
1846 2592
170 1846
1644 3670
611 3670
1748 2137
1192 2550
1192 3479
963 1192
37 1192
2827 3915
1266 3604
3604 4012
674 3604
1597 3604
3604 3998
40 1388
1388 1838
79 2582
2053 2781
535 4143
535 2130
26 535
535 2046
535 2112
535 2468
535 3069
535 2028
535 1926
59 2452
598 3459
598 3077
598 1786
598 788
40 2901
1547 3806
1546 3372
1546 2449
136 1176
136 3698
1466 1876
82 3368
1448 3368
517 3368
1823 3368
400 3368
1308 3368
2338 3368
3368 3677
507 3368
771 2075
696 771
2705 3091
869 996
323 869
691 3696
691 1117
1083 1291
2334 3495
1676 2334
1848 2334
2412 3063
560 2412
1065 3409
227 2132
2132 2855
333 804
804 1341
3023 3035
466 3035
778 3280
778 4066
1448 1512
1448 1640
1448 2338
3878 4096
2169 3878
26 2130
2130 2567
2130 3069
1017 2130
2028 2130
1926 2130
1697 2100
735 3579
735 3667
735 870
3057 3849
1885 3849
972 3849
221 3849
1248 2274
2300 3600
3968 4005
68 3291
68 1645
1761 3161
1212 3185
1591 3735
2999 4153
15 1792
165 3732
3270 3825
1518 2295
504 880
2822 3800
1131 1467
2006 3214
632 3124
2198 3361
2198 2255
2198 2889
2840 2908
2908 2917
1292 1675
1909 3315
1909 3387
1748 2169
2169 3135
2169 3741
1994 3263
846 929
929 4106
929 3852
929 1645
146 1871
2038 2460
1416 2693
2693 2901
466 2409
1114 2609
102 3204
2845 3472
3712 3971
660 3712
1885 3712
401 3280
401 3163
170 3766
170 1173
170 468
170 3300
170 460
170 1998
170 1573
170 1804
170 2592
170 1968
716 3954
49 3656
3656 3996
2801 3656
1119 1831
1117 1119
2853 2967
278 2274
149 4012
2001 2994
2994 3326
1871 3479
2448 3479
221 4021
1536 2851
250 1536
1536 3263
1536 3539
402 1536
2564 2737
2737 3695
1612 2737
1001 1918
1423 1899
2919 3868
3093 4071
883 2116
1688 3747
1688 2479
1173 1998
1998 2476
1804 1998
1751 3721
516 1751
1266 1751
1751 2789
1293 1751
1751 2227
1751 2016
1751 3508
1751 4012
807 1751
1597 1751
118 1751
187 2124
187 3990
187 1885
124 3771
1466 1470
250 1466
1466 2051
313 1466
1466 1934
1141 2956
2956 4132
2325 3040
2325 4003
1497 1549
562 780
2589 3354
1485 3354
2197 2499
965 2584
863 1992
0 3156
1083 1463
560 1083
744 2227
1933 2227
965 2227
2227 2356
2227 2946
2227 3192
2227 3721
2582 4157
1208 2582
1578 3430
2675 2774
1391 1761
1391 3659
1391 2472
832 1391
2281 3680
808 2602
1218 1415
1218 3259
341 1809
1969 4073
2743 3269
299 470
299 1595
2300 3777
3212 3298
3298 4129
3065 4126
1670 4118
602 3341
1191 3263
310 3750
1337 2054
1337 2691
1337 2381
1965 3807
2958 3807
1645 3807
2134 3807
557 1054
3157 3263
3157 3539
2822 3663
2423 2822
2822 3374
2822 3776
2683 2822
152 1307
1715 3122
1840 3000
2303 3965
1287 2303
101 2303
2303 3191
116 2303
2303 3481
722 2197
1170 2626
1837 2322
1498 1516
52 2777
914 2964
2331 2964
2717 3965
2717 4035
99 696
696 2356
696 3773
696 734
2168 3937
3232 3438
2894 3121
387 2342
502 4079
1381 4079
545 2838
753 2716
2716 3805
1462 2429
2429 4145
1654 2113
1269 1654
1654 1877
1654 3580
1654 3774
1271 2894
516 694
694 1293
118 694
967 1809
1809 3308
1155 1809
2046 2112
2046 2468
2028 2046
660 3971
65 325
11 325
2004 3319
3319 3676
1361 3319
2358 3319
1392 1870
42 3492
951 2939
951 1421
1481 3022
408 418
298 3735
538 4012
741 2636
741 1842
1308 1640
2945 2979
3139 3191
2278 3139
2967 3139
116 3139
112 3139
174 3139
144 3293
3293 3810
1206 3227
1206 2256
3027 3893
1711 2685
883 1816
1816 2470
2369 2948
2568 3634
2236 2389
30 1680
206 1935
2374 3696
1831 2374
931 2374
763 2374
2374 2707
1117 2374
2374 3239
1726 3957
2746 3957
144 3810
3810 4100
1401 3810
2300 3767
1647 3894
3757 3760
1175 3757
1778 2026
642 1335
1067 3666
13 2968
627 2968
2753 3010
1404 2565
2016 2565
2133 4064
320 719
48 2271
2271 3937
323 1272
1272 2118
1272 1628
846 1272
67 3899
3365 3917
3365 3400
1479 2955
227 3255
227 2855
2459 2526
700 2596
1501 2708
807 2123
1055 2123
436 3142
2611 3142
3142 3732
2733 4156
480 1565
1392 1565
856 1565
1565 3814
882 2945
938 3227
2082 3907
560 1463
560 3063
1295 2277
1928 2277
70 4111
2479 2821
1472 2540
1934 3126
910 3002
1883 3087
1299 1883
880 3010
3010 3266
1067 2751
2751 3449
990 3164
2015 2236
2489 3819
1233 2304
2102 2776
1496 2154
11 849
1804 3766
1804 3300
460 1804
1573 1804
1804 2592
1804 1968
3837 4039
3003 3454
3454 4042
3095 3454
592 3454
3218 3454
2486 3445
2486 3943
1027 3476
648 3320
648 2645
1398 2498
1398 3900
2197 2930
3482 3676
11 3482
184 2448
880 1871
1516 3351
1516 3802
3729 4126
999 2181
999 2926
1557 3556
2886 3556
311 1564
2648 2655
2648 3614
2648 3398
2224 2547
494 2995
364 1167
2117 2907
2838 3876
3409 3977
2503 3409
2161 3711
1145 3711
1167 3711
2527 3892
1776 2823
195 525
554 3626
3489 3962
2423 2683
2683 3247
1707 2683
1645 1733
965 1645
1645 2958
1645 4106
332 1645
1018 1645
1645 2601
1645 3291
121 3962
1052 3962
334 2636
2512 3070
2631 3070
734 2075
734 1170
1619 2803
1488 1619
3521 3660
3326 3660
1212 2967
2484 3471
3873 4060
1316 3802
2601 2869
1281 2153
1919 2073
323 2118
494 1557
284 1557
1107 1557
410 1186
465 1851
333 2733
2838 3870
270 2838
387 3013
62 2748
65 3822
1614 2113
2855 3255
2448 2495
2448 2986
1258 3743
2563 2972
169 2972
1141 2972
118 3508
118 2503
1759 3332
3735 3953
376 2772
529 3361
2699 3361
1871 3361
1403 3361
2655 3398
1829 1970
3621 4031
1494 3427
1304 3434
733 3524
1517 2556
538 1517
415 2296
2567 4143
26 2567
2112 2567
2468 2567
2567 2996
2092 2567
2028 2567
600 2563
2563 3353
2563 2945
656 3234
2954 3234
1266 2789
2789 3998
2801 2859
2801 3996
49 2801
2108 2758
2149 2883
534 2883
2305 2883
1924 2883
868 2961
779 868
868 2999
1095 2904
1612 2691
1612 1845
267 1992
1992 3920
1299 2068
224 3958
1908 3887
1908 4126
2104 2112
2092 2104
3 3130
592 2526
1295 3530
486 856
486 1392
643 1810
3667 4037
595 3323
595 1440
1370 3928
1085 3595
203 207
406 737
406 470
406 2549
406 3917
178 406
406 4136
1644 2936
969 3917
737 3917
846 1628
2387 3461
965 3219
965 1933
965 2016
538 965
965 1452
965 3762
1573 3766
1573 3300
1573 2592
1573 1968
1823 2131
1823 3045
1761 3659
1145 1217
1145 1167
1145 3705
1549 3148
3 3843
2774 3197
189 2999
189 3334
13 2102
1173 2592
2476 2592
2592 3300
460 2592
1968 2592
650 2550
270 2550
713 1512
158 2777
158 2296
1207 3471
11 4115
779 1211
1472 2000
267 2376
2338 3677
1308 3677
494 1928
3194 3378
630 1338
1338 3426
788 1786
2992 3492
1431 3218
1547 2098
2026 2664
2026 4120
1077 2026
1413 2026
2026 3461
572 2833
1379 3274
1421 3899
49 890
49 109
802 1881
62 2674
2674 2814
2920 4051
2815 4051
1900 4051
2185 3488
1505 3111
2929 3111
1127 2874
26 2996
2253 2996
2468 2996
261 2996
2996 3069
2092 2996
2028 2996
116 395
395 2967
174 395
1246 3434
717 2069
717 855
1117 1831
931 1117
763 1117
1117 2707
1252 2527
844 2760
2691 3132
2961 3539
1243 3539
464 3539
3539 3576
1819 2385
1933 3219
487 1933
1933 3508
2859 4111
2723 2781
700 4102
1930 2772
1354 1930
1930 3265
1930 2691
1930 2235
1930 2651
1914 3746
246 3746
592 1710
805 1535
2468 4143
2092 4143
1926 4143
3219 3508
3508 3721
2016 3508
424 749
1335 1535
1335 2587
3363 3717
924 3717
470 4136
233 2006
1361 2004
320 2726
1918 2619
666 1544
666 846
2331 2608
585 2331
2112 2331
519 2331
2266 3695
2999 3164
392 2999
2341 2999
1465 2999
1231 1475
2961 2974
1734 2813
2001 3521
2256 2937
1900 2920
1547 3021
1073 1377
1173 3766
468 1173
2695 3378
3378 3693
810 2406
810 4025
1599 1672
600 2321
538 2321
2945 3353
1178 3255
3232 3402
1968 3766
1968 3300
320 1793
898 1793
460 468
1855 2357
2082 3764
148 3255
2055 3030
1230 3030
1346 1551
3191 3481
3481 3965
101 3481
116 3481
1287 3481
174 3481
1155 2568
1932 3977
126 3870
2075 3192
3126 3557
3557 3774
1417 2613
1417 2472
1424 3971
169 3543
169 600
3467 3654
1900 2552
2691 4045
101 174
116 174
331 1152
812 1458
1856 3003
423 3003
1175 3003
2050 2481
26 1017
1017 2112
1017 2468
1208 3031
3184 3291
1733 3184
3567 4002
1107 2087
1962 3092
570 2820
975 2945
421 2945
798 2945
898 2945
1129 2818
3300 3766
460 3300
2500 3000
82 507
82 400
82 2338
761 3104
2774 2970
2774 3499
2326 3676
2551 3461
3004 3568
807 2043
2043 3805
516 2043
1900 4101
2813 3501
83 207
1266 3998
2417 2735
1416 2417
291 2111
26 261
26 2468
26 3069
26 2092
26 2028
270 3681
256 4126
2691 3395
460 1297
1462 1535
1021 1782
3022 3434
1318 3434
516 3434
784 3188
2278 2967
1918 1988
528 2197
3398 3833
1203 1547
993 1547
2276 3093
246 1914
1758 1947
1075 2691
3854 4060
1423 2487
2022 2487
2487 3693
308 3845
1748 3818
124 1748
24 1307
623 3137
2016 3721
1560 2016
2016 2946
2016 3762
11 1476
11 2826
2064 2710
1170 2075
65 746
320 672
3259 4140
1281 3933
400 2338
639 3150
101 116
116 3191
116 3673
116 4035
173 2197
2275 3928
2916 4003
2946 3219
924 2636
1314 3797
215 3259
215 2082
215 3199
2510 2612
2181 3592
1755 2758
2294 3981
1243 2045
3372 4039
2864 4039
812 1844
812 2454
1259 2495
1885 2772
910 1885
487 3762
3965 4035
3191 4035
101 4035
1175 2547
2631 2860
1423 2413
83 1951
400 507
883 2470
2884 3228
680 4029
975 4029
2082 2601
2082 3259
985 2868
2092 3069
2028 2092
1444 1893
1400 1810
168 2758
1269 2758
2383 2472
680 975
157 2966
3752 3928
993 3693
2813 3499
488 2813
1488 1653
1170 3419
1045 2118
127 2118
284 2733
1425 2772
3299 4060
320 2494
1444 2335
584 2335
84 1928
3638 3723
1783 3610
2570 3610
1268 3977
2844 3372
183 3040
2644 3411
460 2476
2241 3047
1551 2503
2491 2613
99 2386
110 2531
1352 1950
35 1950
2080 4000
949 2691
856 1657
3093 3638
1838 2105
1442 3933
54 2255
931 3696
3239 3696
3648 3774
2601 3743
1141 2601
3199 3971
3199 3259
856 1392
3057 3987
2761 3987
349 3987
2113 3774
1728 3291
674 807
2678 3078
4 2691
1307 3247
407 1361
44 525
119 3219
119 1560
119 2356
119 538
489 3179
101 2278
2587 3259
1444 2587
1092 3427
625 2793
1503 1763
3255 3414
2096 2125
12 2644
507 1331
462 2065
487 3219
3219 3721
516 2024
516 807
1524 3575
1947 1980
3304 3511
2241 2628
2341 3630
124 1625
1844 2576
72 2613
199 3965
112 3965
737 3376
1243 2308
1141 2142
3287 3326
1307 1707
1307 2356
35 1352
461 3363
1859 3597
639 3179
798 4067
2636 2772
2772 3825
1897 3721
2028 2112
261 2028
2028 3069
2608 2894
1634 3492
1926 3069
83 4095
45 1605
2894 3040
3572 3695
199 1287
1860 3176
1404 1560
313 3928
2278 3191
1854 2216
2022 2413
2468 3069
2269 3716
3104 3246
2761 3057
221 2761
1444 3167
115 3673
402 3263
2372 3492
3117 3492
3000 3304
1568 2781
2495 2498
102 904
538 2356
234 3775
1733 1844
1733 3628
1928 3781
914 2112
918 1141
807 2894
112 1287
72 4124
2207 3628
176 3291
487 744
1900 3372
558 2781
1848 2781
538 2953
538 2894
904 2653
1238 3967
600 1515
157 1043
1514 2823
1167 2161
2630 3845
1869 2207
844 2207
1655 3346
2054 2381
2381 2691
2039 2845
1141 2845
1830 2845
3315 3387
1344 3176
1648 3732
1719 1869
538 600
600 3543
600 3625
2112 3069
1848 2065
112 3191
2413 3693
295 1042
1141 3543
1673 3427
295 1488
1729 1960
