0 656
6 656
33 656
133 656
200 656
225 656
364 656
388 656
395 656
398 656
401 656
407 656
426 656
440 656
441 656
459 656
477 656
505 656
511 656
520 656
527 656
534 656
535 656
541 656
542 656
543 656
544 656
545 656
548 656
556 656
561 656
562 656
601 656
607 656
609 656
613 656
621 656
622 656
627 656
630 656
640 656
642 656
654 656
656 1647
656 1803
656 1476
656 697
656 703
656 705
656 706
656 712
1 384
1 1470
1 1888
1 456
1 210
1 581
26 384
384 389
384 863
26 1470
1470 1792
26 1888
942 1888
26 456
448 456
456 532
456 581
456 1095
26 210
210 418
210 1288
210 211
210 305
210 666
26 581
37 581
91 581
147 581
392 581
393 581
421 581
424 581
472 581
480 581
481 581
579 581
581 951
581 958
581 588
581 863
581 635
581 636
581 640
581 653
581 666
2 1400
2 498
2 1917
2 1903
2 1362
2 16
2 1086
5 1400
112 1400
361 1400
1033 1400
1086 1400
1337 1400
1400 1402
1400 2088
16 498
498 1376
498 1398
498 1917
498 1086
498 773
498 1636
498 1921
16 1917
623 1917
1086 1917
16 1903
134 1903
141 1903
143 1903
238 1903
306 1903
311 1903
438 1903
810 1903
812 1903
838 1903
840 1903
864 1903
912 1903
919 1903
953 1903
964 1903
1013 1903
1017 1903
1033 1903
1034 1903
1073 1903
1076 1903
1086 1903
1088 1903
1094 1903
1103 1903
1193 1903
1211 1903
1220 1903
1290 1903
1292 1903
1295 1903
1297 1903
1322 1903
1327 1903
1329 1903
1332 1903
1334 1903
1337 1903
1388 1903
1421 1903
1430 1903
1431 1903
1432 1903
1434 1903
1455 1903
1461 1903
1462 1903
1472 1903
1479 1903
1483 1903
1486 1903
1528 1903
1531 1903
1564 1903
1645 1903
1648 1903
1653 1903
1654 1903
1662 1903
1726 1903
1732 1903
1740 1903
1759 1903
1761 1903
1827 1903
1863 1903
1865 1903
1867 1903
1869 1903
1870 1903
1871 1903
1903 2022
1903 1995
1903 1997
1903 1915
1903 1999
1903 1960
1903 2000
1903 2091
1903 2056
1903 2092
1903 2093
1903 1962
1903 1976
1903 1923
1903 2014
1903 1906
1903 1992
1903 2063
1903 2045
1903 2077
1903 2088
1903 1933
1903 1952
1903 2025
1903 1936
16 1362
31 1362
127 1362
143 1362
306 1362
919 1362
955 1362
956 1362
961 1362
964 1362
1076 1362
1086 1362
1088 1362
1094 1362
1096 1362
1297 1362
1327 1362
1336 1362
1362 1421
1362 1461
1362 2091
1362 1648
1362 1472
1362 1976
1362 1462
1362 1918
1362 2014
1362 1653
1362 1906
1362 1432
1362 1732
1362 2077
1362 2088
1362 2055
16 1071
16 1080
16 1086
313 1086
1086 1757
3 413
3 560
413 422
413 2107
413 427
422 560
427 560
560 2107
4 428
4 278
4 473
4 281
4 1527
4 644
4 713
282 428
428 713
278 395
278 455
278 281
278 282
278 644
278 675
144 473
282 473
283 473
473 557
473 644
94 281
281 425
281 429
281 447
281 493
281 282
281 1527
281 861
281 1566
282 1527
515 1527
215 644
282 644
459 644
514 644
515 644
524 644
638 644
644 1551
644 1024
644 1556
644 1560
644 1566
282 713
643 713
5 1757
5 1654
5 2008
80 1757
141 1757
235 1757
238 1757
743 1757
864 1757
964 1757
1033 1757
1076 1757
1105 1757
1211 1757
1220 1757
1327 1757
1338 1757
1363 1757
1475 1757
1477 1757
1479 1757
1528 1757
1644 1757
1645 1757
1757 1772
1757 1999
1757 2000
1757 1867
1757 1900
31 1654
88 1654
1401 1654
1402 1654
306 2008
919 2008
1329 2008
1471 2008
1475 2008
1562 2008
1648 2008
2008 2088
6 385
6 465
6 13
6 501
6 502
6 557
6 585
6 682
6 683
19 385
385 431
385 468
385 1966
385 699
465 585
13 501
457 501
501 557
501 682
363 502
386 502
502 519
502 583
415 557
457 557
504 557
451 585
457 585
585 663
585 682
457 682
682 1773
461 683
683 699
7 363
7 690
363 694
386 690
8 861
29 861
9 231
9 357
9 130
9 506
9 521
9 145
32 231
32 357
130 357
357 1525
357 506
357 584
32 130
130 506
130 607
32 506
129 506
137 506
32 521
36 521
142 521
377 521
411 521
466 521
475 521
521 840
521 698
32 145
10 118
10 1480
10 1464
10 1676
10 1456
10 1147
10 2106
10 1994
10 1516
10 1523
35 118
39 118
118 1644
118 314
35 1480
39 1480
345 1480
1480 1625
35 1464
86 1464
314 1464
862 1464
917 1464
921 1464
1070 1464
1085 1464
1087 1464
1089 1464
1102 1464
1287 1464
1402 1464
1403 1464
1422 1464
1464 1801
1464 1558
1464 1567
35 1676
45 1676
35 1456
329 1456
1456 1801
35 1147
232 1147
1071 1147
1080 1147
1147 1535
1147 1346
35 2106
886 2106
1317 2106
35 1994
1823 1994
35 1516
273 1516
1178 1516
1516 1823
35 1523
1519 1523
1523 1730
11 34
34 623
12 535
437 535
535 657
14 116
14 1978
29 116
116 1032
116 416
116 500
116 539
116 558
116 598
116 307
116 244
116 692
596 1978
15 1290
232 1071
810 1071
811 1071
1054 1071
1071 1535
1071 1711
232 1080
810 1080
811 1080
1054 1080
1080 1850
1080 1535
1080 1711
17 634
31 634
141 634
143 634
623 634
634 964
634 1332
634 1415
18 864
18 626
127 864
319 864
864 1398
864 1082
864 1083
864 1326
864 1088
864 1662
864 1097
864 1483
864 1335
864 1567
27 626
125 626
409 626
597 626
626 915
626 633
626 1845
626 1919
626 1908
626 758
626 1911
19 616
432 616
555 616
616 1208
616 1553
616 1561
616 1546
616 1955
616 639
616 1532
616 668
20 1399
20 957
20 1657
201 1399
891 1399
1053 1399
1074 1399
1092 1399
1323 1399
1399 1402
1399 2009
1399 1657
1399 1484
1399 1533
201 957
891 957
957 1323
957 1074
957 1402
957 2009
957 1657
957 1092
957 1053
957 1484
957 1533
21 838
22 387
22 1085
22 649
387 1288
387 863
387 647
163 1085
309 1085
841 1085
847 1085
1085 1287
1085 1671
1085 1144
1085 1146
646 649
649 1288
649 696
23 568
23 337
23 146
568 693
337 397
337 472
337 715
146 381
146 1288
24 952
24 1078
24 857
24 588
24 322
952 1078
323 857
588 857
302 588
303 588
304 588
318 588
322 588
323 588
448 588
480 588
481 588
564 588
588 1803
588 593
588 608
588 611
588 650
588 651
588 1224
588 669
588 676
131 322
301 322
302 322
303 322
316 322
318 322
322 1549
322 562
322 1785
25 856
25 242
359 856
242 863
242 684
27 1548
27 915
27 320
27 1567
27 734
27 1504
27 1539
27 1174
27 1722
27 69
27 1911
590 1548
597 1548
903 1548
1548 2088
1548 2095
125 915
314 915
590 915
597 915
903 915
915 2070
915 2072
915 1717
915 2088
915 2095
915 1010
915 1567
73 320
320 1398
320 361
320 597
320 2088
320 1099
320 1300
320 1616
320 1349
320 1948
69 1567
70 1567
73 1567
82 1567
314 1567
597 1567
625 1567
901 1567
914 1567
1158 1567
1174 1567
1417 1567
1483 1567
1543 1567
1567 2088
1567 1845
1567 1919
1567 2090
1567 1911
734 1504
734 1174
734 1722
722 1504
1300 1504
1469 1504
1504 1948
1504 1511
597 1539
625 1539
1417 1539
722 1174
1174 1543
722 1722
1543 1722
69 773
69 1016
69 82
597 1911
743 1911
939 1911
28 1329
284 1329
312 1329
1052 1329
1055 1329
1329 1753
1329 1644
1329 1562
29 2107
29 463
29 536
29 541
29 584
29 598
29 673
29 684
29 714
463 1913
541 640
496 584
584 680
584 707
472 598
446 673
582 673
358 684
601 684
630 684
684 702
684 707
684 711
208 714
460 714
576 714
586 714
609 714
613 714
30 2005
86 2005
920 2005
2005 2036
31 1421
31 1472
31 1033
31 2014
31 964
31 141
31 143
31 1936
31 677
127 1421
136 1421
964 1421
1033 1421
1269 1421
1327 1421
1421 1871
1421 1472
1421 1918
1421 1528
1421 2014
1421 1653
1421 1432
127 1472
1033 1472
1268 1472
1323 1472
1472 1653
1472 1952
1472 1937
1472 1864
1033 1323
1033 1415
1033 1193
127 2014
136 2014
1268 2014
1269 2014
1327 2014
1332 2014
1653 2014
1871 2014
127 964
361 964
964 1323
964 1791
964 1736
964 1653
964 1364
964 1415
964 1952
964 1937
964 1864
964 1268
127 141
141 955
141 1364
141 1415
141 1952
141 143
127 143
143 955
143 1415
143 1952
143 677
127 1936
1415 1936
127 677
677 955
677 1415
677 1952
142 623
411 623
623 1914
623 2042
35 39
35 1625
345 1625
38 279
38 672
73 672
672 1326
40 1270
40 1705
173 1270
1270 1642
1270 2060
368 1705
1705 1749
41 1707
63 1707
845 1707
1142 1707
1707 1808
42 1402
42 905
88 1402
121 1402
154 1402
289 1402
310 1402
312 1402
361 1402
724 1402
837 1402
872 1402
1296 1402
1398 1402
1402 1801
1402 1643
1402 1964
1402 1530
1402 2088
1402 1403
1402 2024
1402 1483
1402 1939
1402 1715
1402 1921
154 905
730 905
905 1939
43 980
46 980
980 1039
980 1721
980 1044
44 50
44 56
50 1585
50 1720
46 1116
46 1597
46 59
46 60
59 1532
59 983
59 1892
60 1424
60 1815
60 982
60 1023
60 1044
60 2094
60 204
60 1165
47 1795
47 288
47 1689
47 1735
47 175
1249 1795
1463 1795
1787 1795
175 288
288 1182
1128 1689
1249 1689
1348 1689
1463 1689
1689 1787
1689 1766
927 1735
1168 1735
1312 1735
1369 1735
175 1168
48 2058
48 83
1122 2058
1123 2058
1162 2058
1303 2058
1683 2058
1839 2058
83 1175
83 1179
49 98
98 878
1012 1720
51 1600
51 1043
97 1043
293 1043
383 1043
833 1043
895 1043
1042 1043
1043 1847
1043 1749
1043 1982
1043 1510
1043 1044
1043 1894
1043 1045
52 904
902 904
903 904
904 1855
904 1856
904 937
53 1255
53 1843
53 1239
53 1704
221 1255
1004 1255
1017 1255
1069 1255
1255 1660
1255 1780
1255 1765
1255 1592
1255 1781
1255 1304
1255 1626
1261 1843
1262 1843
1505 1843
1570 1843
1704 1843
221 1239
746 1239
1008 1239
1069 1239
1239 1744
1239 1770
1239 1752
478 1704
1261 1704
1356 1704
1704 2028
54 870
54 1367
310 870
312 870
862 870
870 1801
870 1403
870 1367
1367 1801
1367 1692
55 1728
330 1728
57 1782
57 1697
57 115
57 1929
188 1782
787 1782
1782 1785
58 1697
554 1697
721 1697
754 1697
1670 1697
115 1058
115 887
115 1929
58 1929
887 1929
1514 1929
1520 1929
58 510
132 510
237 510
348 510
508 510
510 865
510 729
383 1532
806 1532
1044 1532
222 1892
892 1892
893 1892
899 1892
1240 1892
248 1424
742 1424
1022 1424
1284 1424
1506 1815
248 982
982 1022
204 1023
1019 1023
1020 1023
924 1044
1019 1044
1021 1044
1039 1044
1044 1721
1044 1982
1044 1510
1044 1165
204 2094
204 1165
721 1165
754 1165
1019 1165
1165 1721
1165 1351
61 196
61 1521
177 196
1515 1521
1521 1950
62 1801
62 1928
289 1801
786 1801
862 1801
868 1801
1004 1801
1099 1801
1171 1801
1186 1801
1401 1801
1715 1801
160 1928
328 1928
728 1928
1491 1928
1928 2031
64 1492
64 878
64 1902
310 1492
1403 1492
1492 1495
1492 1749
1492 1709
367 878
753 878
833 878
853 878
878 1581
878 1347
878 1463
878 1368
878 1611
878 1246
878 1248
878 1852
878 1407
878 1709
878 1045
862 1902
65 1068
65 889
1068 1358
66 1180
1180 1184
1180 1637
67 332
67 783
67 1731
783 805
747 1731
1731 2100
68 1812
68 185
68 78
185 1812
565 1812
794 1812
1545 1812
1646 1812
78 185
185 1427
185 1854
185 1428
185 1187
78 1646
70 1016
82 314
71 805
765 805
768 805
795 805
72 769
72 774
72 776
72 777
72 1315
72 788
72 1188
769 774
769 788
769 1188
774 788
776 778
776 800
777 800
1188 1315
73 319
73 81
75 319
319 879
319 1616
319 2090
74 742
74 181
74 2057
742 1826
1624 2057
1635 2057
75 1912
76 1253
1253 1457
77 252
77 1252
252 970
565 1646
1267 1646
1646 1853
79 787
80 380
272 380
314 914
314 1644
314 1401
314 1417
809 1175
1175 1717
1175 1179
84 551
89 551
551 627
551 701
85 954
85 433
85 464
85 468
85 307
85 244
579 954
954 1642
391 468
244 1901
86 1754
86 1755
86 1756
86 377
86 839
86 1828
86 2037
86 868
234 1754
841 1754
234 1755
841 1755
234 1756
841 1756
135 1828
831 1828
1547 1828
1665 1828
1828 2017
1828 1829
1296 2037
1788 2037
2004 2037
868 1099
87 1090
1090 1092
88 1296
125 1296
1296 1644
1296 1788
1296 1483
90 595
90 667
90 366
90 1437
90 932
90 755
399 595
499 595
595 667
595 932
595 755
366 667
667 932
366 1060
366 1857
366 399
366 471
366 1061
366 489
366 1526
366 525
366 539
366 577
366 679
1437 1593
1437 1443
755 932
814 932
932 1377
932 1276
932 2103
932 1443
91 599
321 599
92 1032
607 1032
969 1032
93 858
93 540
93 1218
93 657
93 1485
317 858
540 858
858 1029
858 2061
858 1218
540 859
540 1218
540 657
575 1218
414 657
640 657
642 657
655 657
657 958
657 703
657 705
657 706
317 1485
1025 1485
1026 1485
1028 1485
1029 1485
1030 1485
1081 1485
1108 1485
1485 1524
94 461
94 240
94 576
94 586
461 1565
215 240
240 435
132 576
358 576
362 576
404 576
453 576
458 576
474 576
513 576
576 860
576 615
576 702
576 703
576 708
576 711
358 586
404 586
450 586
458 586
486 586
553 586
586 808
586 587
586 606
586 615
586 669
586 702
586 703
586 707
95 1463
342 1463
1463 1792
1463 1947
96 1674
96 1381
96 2100
96 260
96 747
96 1157
182 1674
1309 1381
747 2100
1157 1177
97 251
97 1617
251 1955
1617 1955
99 1489
1122 1489
1123 1489
1489 1839
100 1771
1121 1771
1128 1771
1457 1771
101 1586
101 1893
1586 1745
1586 1893
1586 1748
1893 1896
102 724
102 981
724 1401
724 1589
981 1120
103 1072
103 1577
1072 1930
1072 1087
1072 1605
1072 1373
104 1196
104 218
104 2049
104 1679
104 874
104 1148
104 1690
218 1196
219 1196
845 1196
874 1196
1148 1196
218 874
845 2049
874 2049
1148 2049
1391 2049
1690 2049
1691 2049
2039 2049
845 1679
874 1679
1148 1679
1679 2039
1679 1690
1679 1691
874 1391
874 1148
874 1538
874 2039
874 1690
874 1691
845 1148
1113 1148
1142 1148
1148 1808
1148 1738
1148 1391
1148 1687
1148 1538
1148 2039
1148 1690
1148 1691
1148 1159
845 1690
1690 2039
1690 1691
105 291
291 1451
106 1387
106 151
106 1973
106 1584
106 2047
106 172
106 1927
153 1387
1263 1387
1387 1932
1387 1973
151 1927
153 1973
327 1973
1786 2047
172 1927
1242 1927
107 367
107 732
107 745
107 370
367 1499
351 732
354 732
600 732
732 782
732 1320
370 745
108 1602
108 293
1602 1603
293 1604
293 895
293 1734
109 1807
109 1595
109 1968
1145 1807
1409 1807
149 1595
1509 1595
748 1968
1682 1968
110 1152
1140 1152
1152 1155
111 1920
1269 1920
112 1886
113 1853
794 1853
114 1925
114 2099
114 190
179 1925
190 1925
1306 1925
179 2099
190 2099
1306 2099
2098 2099
318 1058
1058 1861
420 500
500 565
500 566
500 596
500 866
485 539
539 1802
539 1804
539 962
409 558
214 692
499 692
117 358
119 358
356 358
358 808
358 592
358 614
358 702
358 707
914 1644
120 1216
120 1741
120 1332
120 184
136 1216
1013 1216
1216 2088
1216 1332
136 1741
811 1741
1213 1741
1310 1741
1332 1741
1562 1741
1741 2088
134 1332
1213 1332
1217 1332
1220 1332
1226 1332
1332 1759
1332 1870
1332 1430
1332 1562
1332 1531
1332 1732
1332 2088
1332 1761
1332 1564
184 2052
184 946
121 125
121 1401
121 1268
121 1961
125 1258
125 126
125 478
125 490
125 1293
125 516
125 517
125 1717
125 625
125 633
125 653
312 1401
1401 1643
1401 1964
1401 2024
1401 1483
1401 1921
961 1268
1104 1268
1256 1268
1268 2022
1268 1900
1268 1531
1268 1483
1268 1484
1268 1834
1268 1846
1268 1370
239 1961
299 1961
1004 1961
1418 1961
122 1035
1035 1482
1035 1046
1035 1047
123 1932
123 969
959 1932
960 1932
965 969
969 2070
969 1473
969 1214
969 1873
124 702
359 702
459 702
530 702
614 702
615 702
670 702
702 703
409 1258
1258 1262
126 478
205 478
379 478
490 779
517 1293
516 517
187 1717
232 1717
409 1717
1063 1717
1639 1717
1645 1717
1717 1820
590 625
625 1434
625 1435
127 311
127 1076
127 1013
127 306
127 1376
127 919
127 1648
127 955
127 961
127 1976
127 238
127 1528
127 1327
127 1653
127 1088
127 812
127 1906
127 1992
127 2088
127 1564
127 1933
127 1415
127 1098
127 2055
232 311
311 361
238 1076
1076 1388
1076 1091
1076 1863
306 1653
306 1105
882 1376
955 1376
1088 1376
1364 1376
1376 1918
1376 1732
1376 2077
1376 1415
919 1653
919 1105
1105 1648
1648 1653
955 1461
955 1918
961 1863
961 1905
1075 1976
1292 1976
238 1530
238 1330
238 1054
1327 2088
1094 1653
1105 1653
1432 1653
1479 1653
1645 1653
1653 2105
1653 1906
1653 1933
1653 2055
811 1088
1088 1906
1088 1336
810 812
812 1079
1475 1906
191 2088
193 2088
284 2088
963 2088
1364 2088
1385 2088
1461 2088
1481 2088
1562 2088
1753 2088
1759 2088
1761 2088
1824 2088
192 1564
1364 1564
1564 1732
1564 1863
1193 1933
1227 1933
1388 1933
1933 1952
1415 1918
1098 1321
1098 1863
1105 2055
128 2087
128 1884
484 2087
1658 2087
1934 2087
2002 2087
1241 1884
469 607
607 624
607 640
607 642
131 508
131 509
131 237
131 865
237 508
348 508
508 509
508 865
350 509
132 237
237 865
237 1706
134 1960
134 1338
1338 1960
1105 1338
136 2022
136 1772
136 192
136 193
136 1213
136 1562
136 1217
136 1732
136 1220
136 1663
136 1481
136 2001
136 246
136 1726
136 743
136 757
136 1641
247 2022
246 1772
438 1772
1481 1772
1663 1772
1726 1772
1772 1997
1772 1998
1772 2001
193 1995
193 1997
193 1998
193 1999
193 2000
193 963
193 1531
193 1984
193 2026
193 246
193 1726
193 1776
193 927
193 1312
193 1313
862 1213
1213 1562
1213 1217
1436 1562
1562 1870
1217 1310
1217 1364
830 1732
1223 1732
1364 1732
1455 1732
1471 1732
1483 1732
1220 1385
246 1663
1084 1663
1364 1663
1385 1663
1481 1663
1663 1995
1663 1997
1663 1998
1663 1999
1663 2000
1663 1984
1663 2026
1663 1726
246 1481
1364 1481
1481 1995
1481 1996
1481 1997
1481 1998
1481 1999
1481 2000
1481 1984
1481 2026
1481 2001
1481 1726
1481 1758
246 2001
438 2001
1726 2001
1997 2001
1998 2001
1999 2001
246 1995
246 1997
246 1998
246 1999
246 1385
246 1364
246 1984
246 2026
246 1726
191 1726
1215 1726
1364 1726
1385 1726
1726 1984
743 1908
158 757
1641 2021
138 1328
138 1297
1297 1328
1106 1297
1269 1297
1297 1469
1297 1977
139 206
139 1819
206 435
206 488
206 213
206 655
1251 1819
1316 1819
1634 1819
140 610
140 1935
400 610
610 661
400 1935
712 1935
1095 1935
1935 1971
811 1364
953 1364
1073 1364
1096 1364
1298 1364
1325 1364
1364 1455
1364 1753
1364 1997
1364 1759
1364 1998
1364 1999
1364 2000
1364 1869
1364 1531
1364 2077
1364 1761
1364 2025
1364 2026
1337 1952
142 411
144 663
144 772
451 663
772 792
772 793
381 397
381 472
381 1288
382 1288
394 1288
397 1288
472 1288
494 1288
495 1288
631 1288
648 1288
693 1288
696 1288
715 1288
147 1971
147 710
147 712
712 1971
1095 1971
703 710
709 710
148 975
148 1301
148 290
148 165
148 823
148 1162
168 975
975 1833
168 1301
1301 1837
165 290
168 290
165 1550
165 168
168 823
168 1162
1014 1162
1162 1832
1162 1765
1162 1837
1162 1781
1162 1767
149 1038
149 1497
149 1696
149 1041
149 1167
149 294
149 1513
149 1353
736 1041
1041 1339
1041 1669
1353 1354
150 177
177 1831
177 1590
152 1749
1509 1749
1733 1749
153 1765
153 1389
153 1390
153 1500
153 1440
153 988
153 174
153 1767
1260 1765
1263 1765
1508 1765
1569 1765
1765 1780
1765 1832
1765 1806
1765 2029
1765 2030
1765 1858
1765 2102
1765 1837
1765 1839
1389 1390
1263 1440
174 1777
1260 1767
1767 1780
154 1939
154 730
312 1939
1939 2071
730 2071
155 1317
993 1317
1317 2034
156 1777
156 1578
161 1777
995 1777
1344 1777
1460 1777
1777 1868
1777 1851
157 325
157 1015
202 325
325 1015
158 876
725 876
876 926
159 1110
159 1228
844 1110
875 1110
1110 1228
1110 1835
1110 1142
844 1228
875 1228
931 1228
1228 1835
160 1491
161 1118
161 1040
161 1946
1118 1433
1118 1129
1118 1980
1118 1263
162 2028
162 1845
162 1919
162 1776
162 220
162 733
162 758
1439 2028
758 1845
191 1776
1385 1776
220 1953
220 1136
733 900
163 841
163 847
163 1144
163 1605
841 1144
847 1143
847 1144
847 1904
847 848
1132 1144
1144 1671
164 716
164 217
164 1121
164 1133
164 1392
164 1620
178 217
194 217
217 1930
217 1112
217 228
217 369
217 1703
1112 1121
1121 1482
1121 1488
1121 1146
1121 1358
1392 1930
360 1550
166 2066
166 2069
1299 2066
1342 2066
1680 2066
2065 2066
2066 2069
885 2069
930 2069
991 2069
1366 2069
2065 2069
167 2081
167 1280
992 2081
1575 2081
223 1280
992 1280
1012 1280
1280 1796
1280 1282
169 178
170 976
489 976
737 976
744 976
871 976
873 976
171 2096
171 373
171 374
171 375
171 990
171 1163
973 2096
1273 2096
1366 2096
1681 2096
2060 2096
262 373
373 2062
373 1668
373 1579
373 375
373 1438
262 374
374 2062
374 1668
374 1579
374 375
374 1438
375 2062
375 1668
375 1612
1163 1285
1163 1618
310 1168
862 1168
879 1168
927 1168
1168 1403
176 1574
176 328
176 330
718 1574
1574 1619
308 328
328 1119
328 1583
328 1783
328 330
330 1816
1273 1590
179 1979
179 2098
835 1979
180 1530
180 1633
1052 1530
1055 1530
1530 1633
801 1633
182 2020
183 1379
940 1379
355 1427
355 1428
186 1004
186 1412
837 1004
908 1004
1004 1876
187 1623
187 1639
1623 2095
1623 1769
188 760
270 760
189 1385
189 1357
1063 1385
1084 1385
1385 1997
1385 1999
1385 2023
1385 1758
191 1995
191 1997
191 1998
191 1999
191 2000
191 963
191 1531
191 1984
191 2026
1084 1995
1995 1996
1995 1997
1995 1998
1995 1999
1995 2000
1995 2053
1995 2026
1084 1997
1984 1997
438 1998
1084 1998
1870 1998
1084 1999
1215 1999
1651 1999
1996 1999
1070 2000
1084 2000
963 1455
963 1084
963 1215
963 2023
963 2053
452 1531
1104 1531
1310 1531
1531 1759
1531 1761
1699 1984
1984 2053
438 2026
1084 2026
1870 2026
927 1762
927 1793
927 1311
927 1588
927 1312
927 1688
927 1164
1150 1312
1230 1312
1232 1312
1312 1762
1312 1764
1312 1313
1312 1758
923 1313
1313 1758
194 2063
195 1957
739 1957
897 1957
936 1957
197 1719
197 1161
197 1540
846 1719
1540 1719
198 1356
199 1323
199 475
199 1049
199 1849
199 1092
199 1363
199 201
470 1323
475 1323
497 1323
1087 1323
1323 1849
475 1092
475 1938
201 1049
201 1849
409 1849
470 1092
497 1092
1092 1529
1092 1199
1092 1938
201 470
201 497
200 1814
313 470
470 1074
470 1900
470 1256
470 1907
313 497
497 1074
497 1900
497 1256
497 1938
202 1369
203 1924
203 341
203 741
338 1924
339 1924
664 1924
338 341
341 343
338 741
339 741
661 741
205 379
435 476
435 958
435 542
435 655
213 488
226 655
655 659
207 624
207 715
216 624
216 715
394 715
671 715
208 364
208 612
208 214
214 364
364 609
364 688
214 612
214 609
209 1024
524 1024
548 1024
1024 1468
212 418
211 212
286 305
305 402
305 472
305 556
305 693
305 696
421 666
640 666
642 666
215 1452
215 1560
504 1452
1087 1930
881 1112
228 259
228 1706
1953 2079
1136 1215
221 1344
221 1460
221 1008
1065 1344
1344 1569
1344 1460
1344 1839
1065 1460
1460 1569
746 1008
813 1008
1008 1505
1008 1839
222 1797
1404 1797
1797 2109
1797 1881
223 1278
223 997
1278 1279
344 997
224 959
224 1712
959 960
225 388
225 226
226 659
480 659
227 1006
227 1700
227 353
230 1700
731 1700
738 1700
274 353
259 1568
259 1572
259 1675
259 1172
259 1173
229 1956
229 1011
229 1192
1615 1956
1192 2064
1192 1890
232 1054
232 970
232 1056
232 1769
232 1057
740 1054
1054 1753
1054 1330
1054 1125
1054 1536
1054 1171
1054 1056
1054 1186
266 970
970 1330
970 1124
970 1975
970 1701
740 1056
1056 1536
1056 1171
1056 1186
1056 1544
1056 1057
1057 1330
1057 1171
1057 1186
233 1266
312 1266
1266 1403
235 596
596 1568
236 390
236 1789
505 1789
687 1789
1274 1789
239 285
285 902
285 1873
285 903
285 1876
241 1095
661 1095
855 1095
1095 1397
389 863
646 863
863 967
243 1870
243 1436
1298 1870
1430 1870
1461 1870
1753 1870
1813 1870
1430 1436
245 442
245 548
442 546
442 640
412 548
247 1083
247 1097
1083 1198
1097 2044
1097 1257
248 1020
1020 1546
1020 1580
1020 1021
1020 1022
249 310
249 1403
249 1601
266 310
310 1087
310 1138
310 1601
310 1160
266 1403
361 1403
879 1403
914 1403
1138 1403
1141 1403
1153 1403
1160 1403
1398 1403
1403 1820
1403 1601
1341 1601
1413 1601
250 1099
250 935
312 1099
914 1099
1099 1820
1099 1141
1099 1153
1099 1171
1099 1186
289 935
935 1948
253 1668
253 1684
1668 1684
1642 1684
254 729
729 752
255 931
845 931
875 931
256 1758
257 1108
257 2079
257 1345
1108 1718
1718 2079
1345 1963
258 1899
258 1685
258 1878
258 1879
1878 1899
327 1685
960 1878
1878 1879
1487 1568
1572 1675
1005 1172
1172 1173
1005 1173
261 1855
261 1856
262 1642
262 2062
973 1642
1410 1642
1598 1642
1618 1642
1642 2060
1410 2062
1598 2062
2060 2062
263 1070
263 1102
263 851
263 287
263 1406
287 1102
849 1102
851 1102
852 1102
921 1102
1102 1474
1102 1406
1102 1158
851 1135
851 1158
287 1111
287 1406
326 1406
1300 1406
1349 1406
1406 1616
1406 1948
264 1695
264 1050
1050 1965
1050 1375
1050 1844
265 1227
265 1882
265 2086
265 2018
1227 2086
1227 1885
1425 1882
1352 2018
1883 2018
266 862
266 879
266 884
266 1702
312 862
862 1138
862 1153
312 879
879 1130
879 894
879 1141
879 1160
879 2090
884 894
267 1259
267 1262
1231 1259
1259 1746
1259 1698
1259 1708
938 1262
1231 1262
1262 1746
1262 1698
1262 1708
1262 1710
268 1710
268 828
268 276
276 489
269 1975
269 1799
1727 1975
270 1861
781 1861
271 1751
1250 1751
1542 1751
1751 2075
272 795
333 795
350 795
274 942
274 944
942 1649
942 944
942 948
942 949
275 371
275 1360
822 1360
827 1360
489 1395
277 1515
1515 1880
1515 1950
395 430
395 439
395 513
395 526
395 570
395 574
395 587
395 658
430 455
439 455
455 513
455 526
455 570
455 574
282 396
282 1931
359 675
530 675
280 1561
496 1561
691 1561
425 486
429 524
429 531
493 960
493 1714
1444 1566
396 1419
283 1556
1556 1557
902 903
902 906
902 1416
916 1873
1866 1873
903 1970
903 2061
903 906
903 1416
867 1876
286 554
554 1640
1182 2074
289 786
786 1000
892 1451
893 1451
1244 1451
1451 1458
1451 1459
292 869
292 872
292 1138
869 872
872 1423
872 1138
872 882
312 1138
1138 1907
1284 1604
1632 1734
1638 1734
295 960
295 1714
295 785
296 960
785 960
960 1250
960 1990
960 1714
960 1264
1714 1990
296 1333
296 1628
296 1264
967 1333
1264 1628
1628 1630
297 1051
297 1542
298 1711
299 837
837 1001
300 784
767 784
784 1565
301 302
301 303
301 304
301 564
301 1811
302 304
302 316
302 318
303 304
303 316
303 318
303 1811
304 318
304 1811
316 951
316 448
316 611
318 417
318 323
431 556
308 1783
1119 1783
1783 2031
1783 1910
309 1378
845 1378
917 1087
921 1087
1087 1656
312 1160
1141 1160
1153 1160
361 409
361 1398
361 811
361 1053
312 1918
1736 1918
313 1084
313 1840
1084 1996
1084 1215
1084 2023
1084 2053
1084 1747
1810 1840
914 1645
914 1300
914 1349
914 1948
914 1511
590 1417
925 1417
1417 2090
315 351
315 518
351 518
351 600
351 661
351 678
518 678
611 1549
611 1785
317 1027
327 1027
922 1027
1027 1029
1027 1414
409 1398
1398 1964
1398 2024
1300 1349
1300 1948
321 533
392 533
1549 1785
561 562
562 1476
324 1672
324 1275
324 984
324 1067
324 1694
1672 1972
1672 1694
1275 1972
1275 1694
984 1972
984 1067
1067 1576
1067 1972
1395 1694
1694 1972
327 1025
327 1026
327 1028
327 1029
327 1030
327 2061
922 1025
1025 1026
1025 1028
1025 1029
1025 1414
922 1026
1026 1029
1026 1414
922 1028
1028 1029
1028 1414
922 1029
1029 1718
1029 1414
922 1030
1030 1414
336 2061
476 2061
910 2061
1081 2061
1210 2061
329 1834
934 1834
1269 1834
1454 1834
331 1934
331 1974
334 1934
334 1974
335 768
768 1093
768 1177
336 1254
338 1195
338 352
338 749
339 1195
352 726
352 735
723 749
749 750
340 1850
340 1170
1169 1850
1170 1850
1850 2007
1169 1170
344 933
933 1018
345 804
346 350
347 763
763 802
348 349
661 761
661 770
661 782
661 1320
661 802
735 761
354 802
750 802
802 1411
355 913
356 359
591 592
408 614
403 707
408 707
453 707
550 707
580 707
587 707
615 707
689 707
695 707
703 707
707 2038
707 711
360 968
409 1063
409 1445
409 2024
409 1820
811 1471
362 570
362 572
570 572
570 573
572 573
572 574
365 1031
365 1036
365 1037
1031 1664
1031 1036
1031 1037
1031 1826
1036 1037
1037 1664
1037 1826
1060 2103
966 1857
1377 1857
399 577
1061 2103
679 1526
1012 1499
372 1770
832 1612
1610 1612
376 835
378 704
571 704
704 958
431 552
431 699
1954 1966
645 699
392 2089
392 640
421 640
424 640
628 640
635 640
636 640
640 642
640 1774
512 513
454 574
573 574
587 2038
567 658
1419 1895
403 1742
467 1742
689 1742
404 615
601 615
405 443
405 687
534 687
681 687
687 1274
406 593
593 1308
791 1445
1445 1449
410 549
410 550
410 630
549 550
549 630
484 630
555 630
630 2038
414 485
423 485
485 537
485 538
419 512
437 512
458 512
483 512
512 553
512 571
512 701
420 638
515 638
522 638
546 638
638 911
638 674
421 642
423 972
972 1537
424 637
635 637
636 637
426 529
528 529
531 563
432 563
432 660
432 703
434 664
662 664
664 665
575 958
436 534
436 643
505 534
519 534
534 605
534 654
534 1274
523 643
438 1200
1200 1215
441 697
546 547
444 567
445 619
445 620
445 621
618 619
604 620
446 582
449 492
449 579
492 603
579 603
457 569
457 632
460 606
605 606
606 1466
606 629
462 503
503 555
503 594
469 641
1074 1256
1256 1900
1900 1938
1096 1256
1256 1529
1256 1331
1256 1938
479 482
480 482
481 482
483 571
487 504
487 617
504 807
504 555
504 578
504 617
504 685
504 700
1395 2067
1395 1503
779 826
491 662
627 662
1636 1921
1636 1716
1716 1921
1817 1921
565 1267
565 1666
566 1324
866 2054
594 798
700 807
685 686
685 800
505 1274
1274 2101
507 691
691 1554
511 1803
553 860
530 860
962 1802
1206 1802
1802 1805
962 1804
1206 1804
1209 1804
1804 1805
962 1805
575 859
1640 2027
559 636
1005 1666
1146 1666
794 1324
589 669
602 669
669 1101
669 686
650 652
651 652
676 1224
1224 1760
590 1434
590 1435
1434 1435
1434 1487
771 798
797 798
798 799
1546 1580
668 766
668 803
1498 1908
1503 1908
1621 1908
1908 2067
911 1713
646 671
761 1411
770 782
770 1320
782 1320
790 1320
766 803
1555 1773
778 800
717 1358
1343 1358
1358 1686
1358 1405
718 1619
719 1319
1238 1319
720 1512
1490 1512
721 1926
754 1926
1120 1589
1202 1589
1589 1993
725 1941
725 877
1922 1941
727 906
906 1416
906 907
900 1778
739 1673
739 897
897 1673
1506 1673
897 1959
740 1125
740 2084
740 1186
740 1544
1125 1536
1125 1139
1125 2083
1544 2084
751 1396
756 1396
1265 1396
1396 1447
756 1265
759 888
888 1715
888 1887
762 801
764 789
789 790
1077 1093
1093 1177
1176 1177
771 796
771 797
796 797
796 799
775 1905
775 1631
780 806
1000 1536
791 1449
809 810
809 1591
1591 1708
1471 2077
813 2104
2068 2104
814 1467
1467 1763
815 1573
815 817
815 821
991 1573
817 1570
817 1594
817 1610
816 821
821 822
821 824
1570 2035
820 1610
1609 1610
818 1806
819 1898
819 1667
819 1191
819 1596
1272 1898
1273 1898
1667 1898
1273 1667
1190 1191
1191 1273
1596 1693
825 827
829 1752
830 1199
1199 2077
832 834
836 1178
1178 1420
842 848
843 1233
843 1613
1233 1613
1233 2050
845 1613
844 1835
844 845
844 2033
875 1835
1142 1835
845 1677
845 1738
845 1493
845 1587
845 1391
845 1687
845 1538
845 1691
845 1408
845 880
845 994
1159 1391
1159 1538
1691 2039
1314 1408
846 1143
1904 2006
849 1474
849 1135
852 1474
850 1509
852 1509
854 1509
1137 1509
852 854
853 1045
996 1045
1045 1350
855 941
941 1194
941 1552
1662 1736
1662 1830
1100 1483
1384 1483
1482 1483
867 1361
1361 2070
875 1113
1113 1159
1581 1985
1368 2082
1495 1709
1496 1709
883 2031
890 1003
998 1003
1003 1384
1003 1124
1003 1800
892 928
892 1240
892 1614
892 1458
892 1244
892 1721
893 928
893 1240
899 1240
924 1240
893 1614
1241 1614
1318 1614
1614 2016
1614 1615
893 1458
899 1458
893 1244
893 1721
924 1721
1039 1721
1490 1721
1510 1721
1721 1982
896 2080
896 2046
899 2080
898 1985
899 1235
899 1748
901 1788
901 909
1543 1788
909 1830
1316 1970
1970 2070
910 1251
1713 1981
1643 2070
1897 2070
917 921
921 1089
918 1455
1103 1455
1430 1455
1431 1455
1455 1872
1455 1875
922 1214
924 1039
924 1007
1039 1847
1762 1877
1310 1311
929 1580
1021 1580
1506 1580
1018 1021
934 1945
1944 1945
938 1306
938 1307
940 1219
1219 2056
1219 2092
1219 2093
1194 1552
1649 1784
945 948
948 949
943 1555
943 1064
943 1599
1064 1599
945 947
950 1334
1215 1461
1461 1462
956 1432
956 1863
956 2076
1009 1432
1388 1432
1432 1871
1091 1863
1292 1863
1477 1863
1479 1863
1863 2032
1863 2019
1002 2076
1484 2009
1533 2009
1484 1533
1250 1289
1250 1382
1250 1383
1206 1805
1209 1805
1724 2023
1725 2023
999 1937
966 1842
966 1655
1655 1842
1124 1682
971 2078
1277 2078
1394 1537
1441 1537
1447 1537
1501 1537
974 1203
1201 1203
1203 1204
1833 1943
1833 1837
977 995
977 1862
995 1569
1426 1862
978 1204
978 992
992 1204
1201 1204
992 1247
979 1571
979 1603
979 1243
979 1459
987 1571
1571 2011
1571 1607
1197 1603
1603 1792
1243 1582
1120 1202
1120 1989
1120 1247
985 1781
985 1304
1231 1781
1271 1781
1304 1781
1374 1781
1592 1781
1231 1304
1304 1374
986 1844
1844 1965
987 2011
1607 2011
1983 2011
989 1145
989 1277
989 1608
1114 1145
1145 1409
1277 1809
1608 2041
998 1185
999 1183
999 1522
1183 1522
1005 1723
1181 1723
1505 1746
1012 1575
1012 1234
1012 1739
1014 1494
1017 1660
1017 1780
1271 1660
1271 1780
1019 1126
1414 1860
1210 1718
1221 1718
1193 1294
1193 1388
1034 1189
1189 1637
1100 1482
1046 1047
1847 1859
1229 1669
1510 1982
1963 1982
1510 1963
1798 1894
1048 1198
1198 1750
1375 1965
1429 1965
1909 1965
1055 1753
1134 1753
1325 1753
1059 1680
1062 1897
1062 1271
1062 1465
1062 2051
1743 1897
1271 1374
1465 1743
1465 2051
1066 1922
1836 1922
1069 1969
1374 1969
1373 1729
1091 1388
1207 1388
1291 1388
1337 1388
1386 1388
1388 1563
1091 1477
1747 1822
1132 1287
1146 1155
1321 1529
1838 2044
1257 2012
1321 1692
1104 1269
1269 1453
1269 1454
1107 2091
1107 2108
1107 1442
1442 2108
1541 2108
1109 1431
1142 1808
1149 1159
1159 2097
1115 1156
1140 1156
1151 1156
1155 1156
1117 1238
1206 1238
1209 1238
1238 1775
1433 1923
1433 2010
1263 2010
1201 1202
1122 1683
1122 1303
1122 1629
1123 1683
1683 2048
1123 1303
1123 1629
1626 1629
1629 2048
1127 1698
1698 2043
1698 1699
1131 1166
1166 1988
1166 1410
1134 1453
1134 1454
1150 2040
1154 1534
1154 2007
1380 1837
1837 2029
1837 2030
1837 1943
1837 1841
1285 2060
2073 2074
1273 1299
1279 2064
1237 1890
1294 1923
1205 1545
1205 1821
1206 1775
1209 1775
1210 1221
1212 1659
1225 1659
1659 1983
1222 1962
1425 1885
1478 1885
1236 1678
1236 1245
1245 1678
1245 1963
1237 1889
1708 1744
1241 1318
1241 1615
1318 1606
1289 1949
1592 2048
1626 2048
1708 1746
1439 1708
1708 2043
1260 1508
1503 1508
1508 1986
1846 1891
1305 1370
1598 2060
1374 1426
1272 1299
1299 2065
1281 1283
1283 1794
1727 1794
1286 1652
1286 1478
1425 1478
1949 1951
1292 2105
1337 1923
1559 1923
1825 1923
1295 1429
1295 1964
1298 1337
1337 2085
1302 1848
1302 1638
1848 2015
1632 1638
1325 1759
1325 1761
1340 1868
1340 1355
1341 1413
1342 1366
1343 1405
1359 1950
1359 1627
1880 1950
1365 2082
2015 2082
1371 1792
1371 1517
1372 1517
1386 1768
1386 1393
1393 1768
1940 2067
1446 1447
1447 1448
1444 1991
1450 1991
1446 1448
1874 1875
1942 1947
1479 1916
1479 2032
1479 1661
1661 2032
1502 2059
1502 1506
1506 1658
1658 2002
1507 1733
1622 1733
1733 1967
1733 1790
1940 1986
1518 2003
1518 1958
2002 2003
1519 1730
1520 1818
1987 2035
2013 2016
1650 1740
1740 1779
1724 1725
1737 1896
1867 1874
1865 1874
1915 2045
